simulation, day, sickPercentage, border_red_cnt, border_green_cnt, total_nodecnt=45,Psick= 0.4327877,Edgecnt= 63
0,4,0.1777778,6,11
0,5,0.2888889,9,12
0,6,0.4666667,10,10
0,7,0.6,8,6
0,8,0.6444445,6,7
0,9,0.7111111,4,4
0,10,0.8222222,1,0
0,11,0.8666667,1,0
0,12,0.8888889,0,0
0,13,0.8888889,0,0
0,14,0.8888889,0,0
0,15,0.8888889,0,0
0,16,0.8888889,0,0
0,17,0.8888889,0,0
0,18,0.8888889,0,0
1,4,0.1777778,6,11
1,5,0.3333333,7,13
1,6,0.4888889,8,10
1,7,0.6444445,8,6
1,8,0.7777778,2,1
1,9,0.8,2,1
1,10,0.8,2,1
1,11,0.8444445,2,0
1,12,0.8444445,2,0
1,13,0.8666667,1,0
1,14,0.8666667,1,0
1,15,0.8888889,0,0
1,16,0.8888889,0,0
1,17,0.8888889,0,0
1,18,0.8888889,0,0
2,4,0.1777778,6,11
2,5,0.3333333,7,10
2,6,0.4444444,6,10
2,7,0.5333334,7,8
2,8,0.6666667,4,6
2,9,0.8,1,0
2,10,0.8222222,0,0
2,11,0.8666667,0,0
2,12,0.8666667,0,0
2,13,0.8888889,0,0
2,14,0.8888889,0,0
2,15,0.8888889,0,0
2,16,0.8888889,0,0
2,17,0.8888889,0,0
2,18,0.8888889,0,0
3,4,0.1777778,6,11
3,5,0.3333333,9,11
3,6,0.4666667,8,10
3,7,0.5333334,7,11
3,8,0.6666667,8,5
3,9,0.7333333,3,2
3,10,0.8,3,0
3,11,0.8666667,0,0
3,12,0.8888889,0,0
3,13,0.8888889,0,0
3,14,0.8888889,0,0
3,15,0.8888889,0,0
3,16,0.8888889,0,0
3,17,0.8888889,0,0
3,18,0.8888889,0,0
4,4,0.1777778,6,11
4,5,0.2666667,7,10
4,6,0.3777778,9,9
4,7,0.5777778,4,8
4,8,0.7111111,4,3
4,9,0.7777778,3,1
4,10,0.8222222,2,0
4,11,0.8666667,0,0
4,12,0.8666667,0,0
4,13,0.8888889,0,0
4,14,0.8888889,0,0
4,15,0.8888889,0,0
4,16,0.8888889,0,0
4,17,0.8888889,0,0
4,18,0.8888889,0,0
5,4,0.1777778,6,11
5,5,0.2888889,7,9
5,6,0.4222222,9,9
5,7,0.4888889,11,8
5,8,0.6,9,4
5,9,0.7111111,3,3
5,10,0.7555556,2,1
5,11,0.8222222,1,0
5,12,0.8666667,0,0
5,13,0.8666667,0,0
5,14,0.8666667,0,0
5,15,0.8888889,0,0
5,16,0.8888889,0,0
5,17,0.8888889,0,0
5,18,0.8888889,0,0
6,4,0.1777778,6,11
6,5,0.2666667,8,11
6,6,0.4222222,9,9
6,7,0.6,10,6
6,8,0.6888889,3,4
6,9,0.7777778,4,2
6,10,0.8,5,0
6,11,0.8222222,4,0
6,12,0.8666667,1,0
6,13,0.8666667,1,0
6,14,0.8666667,1,0
6,15,0.8888889,0,0
6,16,0.8888889,0,0
6,17,0.8888889,0,0
6,18,0.8888889,0,0
7,4,0.1777778,6,11
7,5,0.3333333,8,12
7,6,0.5333334,11,8
7,7,0.6888889,3,4
7,8,0.7777778,4,2
7,9,0.8444445,1,0
7,10,0.8444445,1,0
7,11,0.8666667,0,0
7,12,0.8888889,0,0
7,13,0.8888889,0,0
7,14,0.8888889,0,0
7,15,0.8888889,0,0
7,16,0.8888889,0,0
7,17,0.8888889,0,0
7,18,0.8888889,0,0
8,4,0.1777778,6,11
8,5,0.2888889,8,10
8,6,0.4,8,11
8,7,0.5333334,10,7
8,8,0.6666667,5,3
8,9,0.7555556,2,0
8,10,0.8666667,0,0
8,11,0.8888889,0,0
8,12,0.8888889,0,0
8,13,0.8888889,0,0
8,14,0.8888889,0,0
8,15,0.8888889,0,0
8,16,0.8888889,0,0
8,17,0.8888889,0,0
8,18,0.8888889,0,0
9,4,0.1777778,6,11
9,5,0.2222222,6,10
9,6,0.3555556,7,13
9,7,0.4666667,9,9
9,8,0.5555556,9,11
9,9,0.6444445,6,7
9,10,0.7555556,5,0
9,11,0.8444445,0,0
9,12,0.8666667,0,0
9,13,0.8888889,0,0
9,14,0.8888889,0,0
9,15,0.8888889,0,0
9,16,0.8888889,0,0
9,17,0.8888889,0,0
9,18,0.8888889,0,0
10,4,0.1777778,6,11
10,5,0.2444444,7,13
10,6,0.3555556,10,15
10,7,0.5333334,10,8
10,8,0.7333333,4,1
10,9,0.8222222,1,0
10,10,0.8222222,1,0
10,11,0.8444445,0,0
10,12,0.8444445,0,0
10,13,0.8666667,0,0
10,14,0.8666667,0,0
10,15,0.8888889,0,0
10,16,0.8888889,0,0
10,17,0.8888889,0,0
10,18,0.8888889,0,0
11,4,0.1777778,6,11
11,5,0.2444444,7,11
11,6,0.4,9,14
11,7,0.4666667,11,10
11,8,0.6666667,7,3
11,9,0.8,2,1
11,10,0.8222222,2,1
11,11,0.8444445,2,0
11,12,0.8666667,1,0
11,13,0.8888889,0,0
11,14,0.8888889,0,0
11,15,0.8888889,0,0
11,16,0.8888889,0,0
11,17,0.8888889,0,0
11,18,0.8888889,0,0
12,4,0.1777778,6,11
12,5,0.3555556,8,9
12,6,0.4888889,8,9
12,7,0.6222222,2,4
12,8,0.7333333,3,2
12,9,0.8,2,0
12,10,0.8666667,0,0
12,11,0.8888889,0,0
12,12,0.8888889,0,0
12,13,0.8888889,0,0
12,14,0.8888889,0,0
12,15,0.8888889,0,0
12,16,0.8888889,0,0
12,17,0.8888889,0,0
12,18,0.8888889,0,0
13,4,0.1777778,6,11
13,5,0.2666667,8,14
13,6,0.4222222,11,12
13,7,0.5777778,11,8
13,8,0.7333333,7,1
13,9,0.8444445,0,0
13,10,0.8444445,0,0
13,11,0.8888889,0,0
13,12,0.8888889,0,0
13,13,0.8888889,0,0
13,14,0.8888889,0,0
13,15,0.8888889,0,0
13,16,0.8888889,0,0
13,17,0.8888889,0,0
13,18,0.8888889,0,0
14,4,0.1777778,6,11
14,5,0.2666667,8,12
14,6,0.4444444,7,11
14,7,0.6444445,4,4
14,8,0.7111111,4,2
14,9,0.7777778,3,2
14,10,0.8222222,1,1
14,11,0.8666667,1,0
14,12,0.8888889,0,0
14,13,0.8888889,0,0
14,14,0.8888889,0,0
14,15,0.8888889,0,0
14,16,0.8888889,0,0
14,17,0.8888889,0,0
14,18,0.8888889,0,0
15,4,0.1777778,6,11
15,5,0.2444444,7,13
15,6,0.4222222,9,12
15,7,0.6,9,5
15,8,0.7111111,4,2
15,9,0.8222222,1,1
15,10,0.8222222,1,1
15,11,0.8444445,1,0
15,12,0.8888889,0,0
15,13,0.8888889,0,0
15,14,0.8888889,0,0
15,15,0.8888889,0,0
15,16,0.8888889,0,0
15,17,0.8888889,0,0
15,18,0.8888889,0,0
16,4,0.1777778,6,11
16,5,0.3333333,9,14
16,6,0.4888889,11,12
16,7,0.6888889,4,1
16,8,0.8,2,0
16,9,0.8222222,1,0
16,10,0.8222222,1,0
16,11,0.8666667,0,0
16,12,0.8666667,0,0
16,13,0.8666667,0,0
16,14,0.8888889,0,0
16,15,0.8888889,0,0
16,16,0.8888889,0,0
16,17,0.8888889,0,0
16,18,0.8888889,0,0
17,4,0.1777778,6,11
17,5,0.2888889,7,14
17,6,0.4,9,13
17,7,0.5777778,7,4
17,8,0.6444445,6,3
17,9,0.6888889,6,3
17,10,0.7111111,5,3
17,11,0.7555556,2,3
17,12,0.7777778,2,1
17,13,0.8,3,0
17,14,0.8888889,0,0
17,15,0.8888889,0,0
17,16,0.8888889,0,0
17,17,0.8888889,0,0
17,18,0.8888889,0,0
18,4,0.1777778,6,11
18,5,0.2888889,7,14
18,6,0.4444444,9,12
18,7,0.5555556,8,9
18,8,0.6888889,7,2
18,9,0.7777778,3,0
18,10,0.8222222,3,0
18,11,0.8888889,0,0
18,12,0.8888889,0,0
18,13,0.8888889,0,0
18,14,0.8888889,0,0
18,15,0.8888889,0,0
18,16,0.8888889,0,0
18,17,0.8888889,0,0
18,18,0.8888889,0,0
19,4,0.1777778,6,11
19,5,0.3111111,8,13
19,6,0.4888889,11,10
19,7,0.6222222,10,5
19,8,0.7111111,4,4
19,9,0.7555556,1,2
19,10,0.7777778,2,1
19,11,0.8444445,1,0
19,12,0.8444445,1,0
19,13,0.8888889,0,0
19,14,0.8888889,0,0
19,15,0.8888889,0,0
19,16,0.8888889,0,0
19,17,0.8888889,0,0
19,18,0.8888889,0,0
20,4,0.1777778,6,11
20,5,0.2444444,6,11
20,6,0.3333333,9,11
20,7,0.5111111,6,9
20,8,0.6666667,3,3
20,9,0.7333333,2,2
20,10,0.8666667,0,0
20,11,0.8666667,0,0
20,12,0.8888889,0,0
20,13,0.8888889,0,0
20,14,0.8888889,0,0
20,15,0.8888889,0,0
20,16,0.8888889,0,0
20,17,0.8888889,0,0
20,18,0.8888889,0,0
21,4,0.1777778,6,11
21,5,0.3555556,7,13
21,6,0.4666667,9,13
21,7,0.6444445,8,2
21,8,0.7555556,3,1
21,9,0.8,2,1
21,10,0.8666667,1,0
21,11,0.8888889,0,0
21,12,0.8888889,0,0
21,13,0.8888889,0,0
21,14,0.8888889,0,0
21,15,0.8888889,0,0
21,16,0.8888889,0,0
21,17,0.8888889,0,0
21,18,0.8888889,0,0
22,4,0.1777778,6,11
22,5,0.3555556,9,11
22,6,0.4888889,9,12
22,7,0.6222222,9,4
22,8,0.7333333,4,1
22,9,0.8222222,2,0
22,10,0.8222222,2,0
22,11,0.8666667,1,0
22,12,0.8888889,0,0
22,13,0.8888889,0,0
22,14,0.8888889,0,0
22,15,0.8888889,0,0
22,16,0.8888889,0,0
22,17,0.8888889,0,0
22,18,0.8888889,0,0
23,4,0.1777778,6,11
23,5,0.3111111,6,13
23,6,0.4666667,10,11
23,7,0.6,8,7
23,8,0.7555556,4,4
23,9,0.8,4,1
23,10,0.8444445,2,0
23,11,0.8666667,1,0
23,12,0.8888889,0,0
23,13,0.8888889,0,0
23,14,0.8888889,0,0
23,15,0.8888889,0,0
23,16,0.8888889,0,0
23,17,0.8888889,0,0
23,18,0.8888889,0,0
24,4,0.1777778,6,11
24,5,0.2444444,7,12
24,6,0.4222222,7,11
24,7,0.6222222,10,5
24,8,0.7111111,5,4
24,9,0.7555556,2,2
24,10,0.8,2,1
24,11,0.8666667,1,0
24,12,0.8666667,1,0
24,13,0.8888889,0,0
24,14,0.8888889,0,0
24,15,0.8888889,0,0
24,16,0.8888889,0,0
24,17,0.8888889,0,0
24,18,0.8888889,0,0
25,4,0.1777778,6,11
25,5,0.2444444,8,10
25,6,0.3555556,8,10
25,7,0.4444444,7,9
25,8,0.6666667,5,8
25,9,0.7777778,2,3
25,10,0.8,1,3
25,11,0.8222222,2,2
25,12,0.8222222,2,2
25,13,0.8222222,2,2
25,14,0.8666667,1,0
25,15,0.8666667,1,0
25,16,0.8666667,1,0
25,17,0.8666667,1,0
25,18,0.8888889,0,0
26,4,0.1777778,6,11
26,5,0.3333333,7,13
26,6,0.4666667,8,10
26,7,0.6222222,7,7
26,8,0.7333333,6,5
26,9,0.8444445,1,0
26,10,0.8666667,0,0
26,11,0.8666667,0,0
26,12,0.8666667,0,0
26,13,0.8666667,0,0
26,14,0.8666667,0,0
26,15,0.8666667,0,0
26,16,0.8666667,0,0
26,17,0.8666667,0,0
26,18,0.8666667,0,0
27,4,0.1777778,6,11
27,5,0.2888889,7,12
27,6,0.4,8,13
27,7,0.5333334,10,10
27,8,0.7555556,6,2
27,9,0.8444445,1,0
27,10,0.8888889,0,0
27,11,0.8888889,0,0
27,12,0.8888889,0,0
27,13,0.8888889,0,0
27,14,0.8888889,0,0
27,15,0.8888889,0,0
27,16,0.8888889,0,0
27,17,0.8888889,0,0
27,18,0.8888889,0,0
28,4,0.1777778,6,11
28,5,0.3111111,9,11
28,6,0.3777778,9,11
28,7,0.6,5,5
28,8,0.6888889,6,4
28,9,0.7111111,3,3
28,10,0.7777778,3,0
28,11,0.8,2,0
28,12,0.8444445,1,0
28,13,0.8888889,0,0
28,14,0.8888889,0,0
28,15,0.8888889,0,0
28,16,0.8888889,0,0
28,17,0.8888889,0,0
28,18,0.8888889,0,0
29,4,0.1777778,6,11
29,5,0.2888889,7,11
29,6,0.4,9,14
29,7,0.6,11,8
29,8,0.7111111,5,3
29,9,0.7777778,2,2
29,10,0.8222222,1,1
29,11,0.8666667,1,0
29,12,0.8666667,1,0
29,13,0.8888889,0,0
29,14,0.8888889,0,0
29,15,0.8888889,0,0
29,16,0.8888889,0,0
29,17,0.8888889,0,0
29,18,0.8888889,0,0
30,4,0.1777778,6,11
30,5,0.2888889,7,10
30,6,0.4,7,13
30,7,0.5333334,8,6
30,8,0.6444445,6,5
30,9,0.7555556,4,0
30,10,0.8444445,1,0
30,11,0.8666667,1,0
30,12,0.8666667,1,0
30,13,0.8666667,1,0
30,14,0.8888889,0,0
30,15,0.8888889,0,0
30,16,0.8888889,0,0
30,17,0.8888889,0,0
30,18,0.8888889,0,0
31,4,0.1777778,6,11
31,5,0.3111111,7,11
31,6,0.4,7,11
31,7,0.5333334,7,9
31,8,0.6444445,9,4
31,9,0.7777778,2,1
31,10,0.8666667,1,0
31,11,0.8666667,1,0
31,12,0.8666667,1,0
31,13,0.8666667,1,0
31,14,0.8888889,0,0
31,15,0.8888889,0,0
31,16,0.8888889,0,0
31,17,0.8888889,0,0
31,18,0.8888889,0,0
32,4,0.1777778,6,11
32,5,0.2666667,7,12
32,6,0.4222222,9,11
32,7,0.6888889,5,3
32,8,0.8444445,1,1
32,9,0.8444445,1,1
32,10,0.8666667,1,0
32,11,0.8888889,0,0
32,12,0.8888889,0,0
32,13,0.8888889,0,0
32,14,0.8888889,0,0
32,15,0.8888889,0,0
32,16,0.8888889,0,0
32,17,0.8888889,0,0
32,18,0.8888889,0,0
33,4,0.1777778,6,11
33,5,0.2444444,5,13
33,6,0.3333333,8,12
33,7,0.4444444,10,12
33,8,0.6,7,5
33,9,0.6888889,4,3
33,10,0.7777778,2,2
33,11,0.8,2,2
33,12,0.8444445,2,0
33,13,0.8666667,1,0
33,14,0.8888889,0,0
33,15,0.8888889,0,0
33,16,0.8888889,0,0
33,17,0.8888889,0,0
33,18,0.8888889,0,0
34,4,0.1777778,6,11
34,5,0.3111111,8,12
34,6,0.4666667,8,11
34,7,0.5777778,9,7
34,8,0.7555556,3,2
34,9,0.8,2,1
34,10,0.8666667,1,0
34,11,0.8888889,0,0
34,12,0.8888889,0,0
34,13,0.8888889,0,0
34,14,0.8888889,0,0
34,15,0.8888889,0,0
34,16,0.8888889,0,0
34,17,0.8888889,0,0
34,18,0.8888889,0,0
35,4,0.1777778,6,11
35,5,0.2888889,7,10
35,6,0.4222222,9,11
35,7,0.6222222,10,6
35,8,0.7555556,2,0
35,9,0.8222222,1,0
35,10,0.8666667,1,0
35,11,0.8666667,1,0
35,12,0.8666667,1,0
35,13,0.8888889,0,0
35,14,0.8888889,0,0
35,15,0.8888889,0,0
35,16,0.8888889,0,0
35,17,0.8888889,0,0
35,18,0.8888889,0,0
36,4,0.1777778,6,11
36,5,0.2888889,6,11
36,6,0.5111111,7,10
36,7,0.6222222,10,7
36,8,0.7111111,4,3
36,9,0.7777778,2,1
36,10,0.8,1,1
36,11,0.8222222,2,0
36,12,0.8666667,0,0
36,13,0.8666667,0,0
36,14,0.8666667,0,0
36,15,0.8666667,0,0
36,16,0.8888889,0,0
36,17,0.8888889,0,0
36,18,0.8888889,0,0
37,4,0.1777778,6,11
37,5,0.2888889,7,11
37,6,0.4666667,10,10
37,7,0.6888889,6,2
37,8,0.8444445,1,0
37,9,0.8666667,1,0
37,10,0.8888889,0,0
37,11,0.8888889,0,0
37,12,0.8888889,0,0
37,13,0.8888889,0,0
37,14,0.8888889,0,0
37,15,0.8888889,0,0
37,16,0.8888889,0,0
37,17,0.8888889,0,0
37,18,0.8888889,0,0
38,4,0.1777778,6,11
38,5,0.2888889,8,13
38,6,0.4666667,10,12
38,7,0.6444445,6,3
38,8,0.7111111,4,2
38,9,0.8,2,0
38,10,0.8444445,0,0
38,11,0.8666667,0,0
38,12,0.8888889,0,0
38,13,0.8888889,0,0
38,14,0.8888889,0,0
38,15,0.8888889,0,0
38,16,0.8888889,0,0
38,17,0.8888889,0,0
38,18,0.8888889,0,0
39,4,0.1777778,6,11
39,5,0.3333333,9,14
39,6,0.4444444,9,10
39,7,0.6666667,6,2
39,8,0.7777778,2,1
39,9,0.8222222,1,0
39,10,0.8666667,0,0
39,11,0.8666667,0,0
39,12,0.8888889,0,0
39,13,0.8888889,0,0
39,14,0.8888889,0,0
39,15,0.8888889,0,0
39,16,0.8888889,0,0
39,17,0.8888889,0,0
39,18,0.8888889,0,0
40,4,0.1777778,6,11
40,5,0.3111111,5,12
40,6,0.4666667,9,10
40,7,0.6,10,6
40,8,0.7111111,4,2
40,9,0.8,2,1
40,10,0.8222222,1,1
40,11,0.8222222,1,1
40,12,0.8666667,1,0
40,13,0.8888889,0,0
40,14,0.8888889,0,0
40,15,0.8888889,0,0
40,16,0.8888889,0,0
40,17,0.8888889,0,0
40,18,0.8888889,0,0
41,4,0.1777778,6,11
41,5,0.3555556,7,14
41,6,0.4666667,7,11
41,7,0.5777778,5,6
41,8,0.6888889,2,4
41,9,0.7777778,1,1
41,10,0.8,1,1
41,11,0.8,1,1
41,12,0.8444445,1,0
41,13,0.8666667,0,0
41,14,0.8666667,0,0
41,15,0.8666667,0,0
41,16,0.8888889,0,0
41,17,0.8888889,0,0
41,18,0.8888889,0,0
42,4,0.1777778,6,11
42,5,0.2888889,7,15
42,6,0.4444444,11,10
42,7,0.6444445,5,5
42,8,0.7777778,1,2
42,9,0.8222222,1,0
42,10,0.8666667,1,0
42,11,0.8666667,1,0
42,12,0.8666667,1,0
42,13,0.8888889,0,0
42,14,0.8888889,0,0
42,15,0.8888889,0,0
42,16,0.8888889,0,0
42,17,0.8888889,0,0
42,18,0.8888889,0,0
43,4,0.1777778,6,11
43,5,0.2666667,8,12
43,6,0.4,6,11
43,7,0.4888889,7,9
43,8,0.6,7,6
43,9,0.7111111,2,3
43,10,0.8444445,2,0
43,11,0.8666667,1,0
43,12,0.8888889,0,0
43,13,0.8888889,0,0
43,14,0.8888889,0,0
43,15,0.8888889,0,0
43,16,0.8888889,0,0
43,17,0.8888889,0,0
43,18,0.8888889,0,0
44,4,0.1777778,6,11
44,5,0.3555556,9,11
44,6,0.5333334,11,9
44,7,0.6666667,7,4
44,8,0.7555556,2,1
44,9,0.8,2,1
44,10,0.8222222,2,1
44,11,0.8444445,2,0
44,12,0.8444445,2,0
44,13,0.8666667,1,0
44,14,0.8666667,1,0
44,15,0.8666667,1,0
44,16,0.8666667,1,0
44,17,0.8888889,0,0
44,18,0.8888889,0,0
45,4,0.1777778,6,11
45,5,0.3111111,8,10
45,6,0.4444444,7,10
45,7,0.6444445,4,6
45,8,0.7111111,4,4
45,9,0.7555556,4,1
45,10,0.8222222,1,0
45,11,0.8666667,1,0
45,12,0.8666667,1,0
45,13,0.8888889,0,0
45,14,0.8888889,0,0
45,15,0.8888889,0,0
45,16,0.8888889,0,0
45,17,0.8888889,0,0
45,18,0.8888889,0,0
46,4,0.1777778,6,11
46,5,0.3111111,6,10
46,6,0.4444444,9,11
46,7,0.6,6,5
46,8,0.7111111,1,3
46,9,0.7777778,3,2
46,10,0.8,2,2
46,11,0.8,2,2
46,12,0.8,2,2
46,13,0.8222222,2,2
46,14,0.8222222,2,2
46,15,0.8444445,1,1
46,16,0.8666667,1,0
46,17,0.8888889,0,0
46,18,0.8888889,0,0
47,4,0.1777778,6,11
47,5,0.3333333,7,15
47,6,0.4666667,11,10
47,7,0.6222222,7,4
47,8,0.7333333,3,2
47,9,0.8,2,1
47,10,0.8444445,2,0
47,11,0.8666667,1,0
47,12,0.8666667,1,0
47,13,0.8888889,0,0
47,14,0.8888889,0,0
47,15,0.8888889,0,0
47,16,0.8888889,0,0
47,17,0.8888889,0,0
47,18,0.8888889,0,0
48,4,0.1777778,6,11
48,5,0.3555556,8,14
48,6,0.4666667,9,10
48,7,0.6666667,2,3
48,8,0.7111111,3,2
48,9,0.7333333,2,2
48,10,0.7555556,1,3
48,11,0.8,2,2
48,12,0.8444445,1,1
48,13,0.8666667,1,0
48,14,0.8666667,1,0
48,15,0.8666667,1,0
48,16,0.8888889,0,0
48,17,0.8888889,0,0
48,18,0.8888889,0,0
49,4,0.1777778,6,11
49,5,0.2666667,8,10
49,6,0.3777778,9,13
49,7,0.6,9,6
49,8,0.7111111,4,3
49,9,0.8,2,0
49,10,0.8666667,1,0
49,11,0.8888889,0,0
49,12,0.8888889,0,0
49,13,0.8888889,0,0
49,14,0.8888889,0,0
49,15,0.8888889,0,0
49,16,0.8888889,0,0
49,17,0.8888889,0,0
49,18,0.8888889,0,0
50,4,0.1777778,6,11
50,5,0.2888889,6,10
50,6,0.4444444,9,10
50,7,0.5777778,10,9
50,8,0.7111111,7,2
50,9,0.8222222,1,0
50,10,0.8444445,0,0
50,11,0.8444445,0,0
50,12,0.8666667,0,0
50,13,0.8666667,0,0
50,14,0.8666667,0,0
50,15,0.8666667,0,0
50,16,0.8666667,0,0
50,17,0.8666667,0,0
50,18,0.8666667,0,0
51,4,0.1777778,6,11
51,5,0.3111111,6,10
51,6,0.4444444,8,9
51,7,0.6444445,6,6
51,8,0.7555556,4,4
51,9,0.7777778,2,2
51,10,0.8222222,1,0
51,11,0.8666667,0,0
51,12,0.8666667,0,0
51,13,0.8666667,0,0
51,14,0.8888889,0,0
51,15,0.8888889,0,0
51,16,0.8888889,0,0
51,17,0.8888889,0,0
51,18,0.8888889,0,0
52,4,0.1777778,6,11
52,5,0.2222222,7,12
52,6,0.3333333,9,13
52,7,0.4888889,9,9
52,8,0.6222222,3,7
52,9,0.6666667,4,5
52,10,0.7555556,1,1
52,11,0.8222222,1,0
52,12,0.8222222,1,0
52,13,0.8444445,0,0
52,14,0.8666667,0,0
52,15,0.8666667,0,0
52,16,0.8666667,0,0
52,17,0.8666667,0,0
52,18,0.8888889,0,0
53,4,0.1777778,6,11
53,5,0.2888889,7,13
53,6,0.3555556,8,13
53,7,0.4666667,8,10
53,8,0.5777778,3,7
53,9,0.6,4,7
53,10,0.6444445,4,3
53,11,0.7555556,2,2
53,12,0.8222222,1,0
53,13,0.8444445,1,0
53,14,0.8888889,0,0
53,15,0.8888889,0,0
53,16,0.8888889,0,0
53,17,0.8888889,0,0
53,18,0.8888889,0,0
54,4,0.1777778,6,11
54,5,0.3111111,8,10
54,6,0.3777778,8,13
54,7,0.5333334,9,8
54,8,0.7111111,6,2
54,9,0.7555556,3,2
54,10,0.8,1,1
54,11,0.8222222,1,0
54,12,0.8666667,1,0
54,13,0.8888889,0,0
54,14,0.8888889,0,0
54,15,0.8888889,0,0
54,16,0.8888889,0,0
54,17,0.8888889,0,0
54,18,0.8888889,0,0
55,4,0.1777778,6,11
55,5,0.2888889,8,10
55,6,0.4666667,9,10
55,7,0.7111111,7,2
55,8,0.7555556,4,2
55,9,0.8,3,2
55,10,0.8222222,2,2
55,11,0.8444445,1,1
55,12,0.8444445,1,1
55,13,0.8666667,1,0
55,14,0.8666667,1,0
55,15,0.8888889,0,0
55,16,0.8888889,0,0
55,17,0.8888889,0,0
55,18,0.8888889,0,0
56,4,0.1777778,6,11
56,5,0.2666667,8,12
56,6,0.3777778,9,9
56,7,0.4666667,9,11
56,8,0.6,8,6
56,9,0.6888889,4,2
56,10,0.7333333,4,1
56,11,0.8222222,1,0
56,12,0.8222222,1,0
56,13,0.8888889,0,0
56,14,0.8888889,0,0
56,15,0.8888889,0,0
56,16,0.8888889,0,0
56,17,0.8888889,0,0
56,18,0.8888889,0,0
57,4,0.1777778,6,11
57,5,0.3111111,7,12
57,6,0.5111111,8,9
57,7,0.6666667,2,3
57,8,0.7555556,3,2
57,9,0.8222222,1,1
57,10,0.8444445,1,0
57,11,0.8666667,0,0
57,12,0.8888889,0,0
57,13,0.8888889,0,0
57,14,0.8888889,0,0
57,15,0.8888889,0,0
57,16,0.8888889,0,0
57,17,0.8888889,0,0
57,18,0.8888889,0,0
58,4,0.1777778,6,11
58,5,0.2666667,6,10
58,6,0.3555556,7,12
58,7,0.5111111,9,10
58,8,0.6,7,7
58,9,0.7333333,2,1
58,10,0.8,1,1
58,11,0.8,1,1
58,12,0.8444445,1,0
58,13,0.8444445,1,0
58,14,0.8888889,0,0
58,15,0.8888889,0,0
58,16,0.8888889,0,0
58,17,0.8888889,0,0
58,18,0.8888889,0,0
59,4,0.1777778,6,11
59,5,0.3333333,7,14
59,6,0.5333334,10,9
59,7,0.5777778,9,8
59,8,0.7333333,4,1
59,9,0.8222222,1,0
59,10,0.8666667,1,0
59,11,0.8666667,1,0
59,12,0.8888889,0,0
59,13,0.8888889,0,0
59,14,0.8888889,0,0
59,15,0.8888889,0,0
59,16,0.8888889,0,0
59,17,0.8888889,0,0
59,18,0.8888889,0,0
60,4,0.1777778,6,11
60,5,0.2888889,8,12
60,6,0.4666667,11,9
60,7,0.6666667,3,3
60,8,0.8222222,2,1
60,9,0.8666667,1,0
60,10,0.8666667,1,0
60,11,0.8888889,0,0
60,12,0.8888889,0,0
60,13,0.8888889,0,0
60,14,0.8888889,0,0
60,15,0.8888889,0,0
60,16,0.8888889,0,0
60,17,0.8888889,0,0
60,18,0.8888889,0,0
61,4,0.1777778,6,11
61,5,0.3111111,9,10
61,6,0.3333333,8,13
61,7,0.4444444,9,12
61,8,0.6222222,9,3
61,9,0.7777778,2,0
61,10,0.7777778,2,0
61,11,0.8444445,1,0
61,12,0.8444445,1,0
61,13,0.8444445,1,0
61,14,0.8444445,1,0
61,15,0.8666667,1,0
61,16,0.8666667,1,0
61,17,0.8888889,0,0
61,18,0.8888889,0,0
62,4,0.1777778,6,11
62,5,0.2888889,9,14
62,6,0.4222222,10,13
62,7,0.6888889,3,2
62,8,0.7777778,3,0
62,9,0.8,2,0
62,10,0.8444445,1,0
62,11,0.8666667,0,0
62,12,0.8666667,0,0
62,13,0.8666667,0,0
62,14,0.8888889,0,0
62,15,0.8888889,0,0
62,16,0.8888889,0,0
62,17,0.8888889,0,0
62,18,0.8888889,0,0
63,4,0.1777778,6,11
63,5,0.2888889,7,11
63,6,0.4444444,9,9
63,7,0.6,8,5
63,8,0.7333333,3,3
63,9,0.7777778,1,2
63,10,0.8,2,1
63,11,0.8444445,1,1
63,12,0.8666667,1,0
63,13,0.8888889,0,0
63,14,0.8888889,0,0
63,15,0.8888889,0,0
63,16,0.8888889,0,0
63,17,0.8888889,0,0
63,18,0.8888889,0,0
64,4,0.1777778,6,11
64,5,0.3111111,8,10
64,6,0.4888889,8,10
64,7,0.5777778,7,7
64,8,0.6666667,4,6
64,9,0.7555556,4,2
64,10,0.8,3,2
64,11,0.8222222,1,1
64,12,0.8222222,1,1
64,13,0.8444445,1,0
64,14,0.8666667,1,0
64,15,0.8666667,1,0
64,16,0.8666667,1,0
64,17,0.8888889,0,0
64,18,0.8888889,0,0
65,4,0.1777778,6,11
65,5,0.2222222,7,10
65,6,0.3555556,7,9
65,7,0.4444444,8,10
65,8,0.6666667,6,5
65,9,0.6888889,4,4
65,10,0.7333333,3,3
65,11,0.8222222,5,0
65,12,0.8444445,5,0
65,13,0.8444445,5,0
65,14,0.8666667,1,0
65,15,0.8666667,1,0
65,16,0.8666667,1,0
65,17,0.8666667,1,0
65,18,0.8888889,0,0
66,4,0.1777778,6,11
66,5,0.2666667,8,13
66,6,0.4222222,10,11
66,7,0.5555556,9,11
66,8,0.6888889,4,5
66,9,0.7333333,3,3
66,10,0.8222222,2,0
66,11,0.8666667,1,0
66,12,0.8888889,0,0
66,13,0.8888889,0,0
66,14,0.8888889,0,0
66,15,0.8888889,0,0
66,16,0.8888889,0,0
66,17,0.8888889,0,0
66,18,0.8888889,0,0
67,4,0.1777778,6,11
67,5,0.2444444,7,12
67,6,0.3555556,9,13
67,7,0.4888889,11,11
67,8,0.6666667,5,7
67,9,0.7555556,4,3
67,10,0.8444445,1,0
67,11,0.8666667,1,0
67,12,0.8666667,1,0
67,13,0.8666667,1,0
67,14,0.8888889,0,0
67,15,0.8888889,0,0
67,16,0.8888889,0,0
67,17,0.8888889,0,0
67,18,0.8888889,0,0
68,4,0.1777778,6,11
68,5,0.3333333,9,12
68,6,0.5555556,7,7
68,7,0.6222222,4,6
68,8,0.7111111,4,2
68,9,0.7777778,2,1
68,10,0.8,1,1
68,11,0.8444445,1,1
68,12,0.8444445,1,1
68,13,0.8444445,1,1
68,14,0.8666667,1,0
68,15,0.8888889,0,0
68,16,0.8888889,0,0
68,17,0.8888889,0,0
68,18,0.8888889,0,0
69,4,0.1777778,6,11
69,5,0.2888889,8,11
69,6,0.4444444,9,11
69,7,0.5333334,10,8
69,8,0.6666667,6,5
69,9,0.8,1,1
69,10,0.8444445,1,0
69,11,0.8888889,0,0
69,12,0.8888889,0,0
69,13,0.8888889,0,0
69,14,0.8888889,0,0
69,15,0.8888889,0,0
69,16,0.8888889,0,0
69,17,0.8888889,0,0
69,18,0.8888889,0,0
70,4,0.1777778,6,11
70,5,0.3333333,7,13
70,6,0.5111111,7,9
70,7,0.6444445,7,7
70,8,0.7333333,7,1
70,9,0.8222222,1,0
70,10,0.8666667,1,0
70,11,0.8666667,1,0
70,12,0.8888889,0,0
70,13,0.8888889,0,0
70,14,0.8888889,0,0
70,15,0.8888889,0,0
70,16,0.8888889,0,0
70,17,0.8888889,0,0
70,18,0.8888889,0,0
71,4,0.1777778,6,11
71,5,0.2666667,7,12
71,6,0.2888889,8,13
71,7,0.3777778,6,14
71,8,0.5555556,9,6
71,9,0.7555556,5,2
71,10,0.8222222,1,1
71,11,0.8666667,1,0
71,12,0.8666667,1,0
71,13,0.8666667,1,0
71,14,0.8666667,1,0
71,15,0.8666667,1,0
71,16,0.8888889,0,0
71,17,0.8888889,0,0
71,18,0.8888889,0,0
72,4,0.1777778,6,11
72,5,0.2888889,7,10
72,6,0.4444444,7,8
72,7,0.5555556,8,7
72,8,0.7111111,4,5
72,9,0.8222222,1,1
72,10,0.8666667,1,0
72,11,0.8666667,1,0
72,12,0.8666667,1,0
72,13,0.8888889,0,0
72,14,0.8888889,0,0
72,15,0.8888889,0,0
72,16,0.8888889,0,0
72,17,0.8888889,0,0
72,18,0.8888889,0,0
73,4,0.1777778,6,11
73,5,0.2666667,7,12
73,6,0.4222222,8,14
73,7,0.6,10,5
73,8,0.7333333,6,0
73,9,0.8444445,0,0
73,10,0.8444445,0,0
73,11,0.8444445,0,0
73,12,0.8444445,0,0
73,13,0.8444445,0,0
73,14,0.8666667,0,0
73,15,0.8666667,0,0
73,16,0.8888889,0,0
73,17,0.8888889,0,0
73,18,0.8888889,0,0
74,4,0.1777778,6,11
74,5,0.3333333,6,12
74,6,0.4444444,7,10
74,7,0.6222222,5,5
74,8,0.7333333,4,2
74,9,0.7777778,4,2
74,10,0.8222222,2,2
74,11,0.8666667,1,0
74,12,0.8888889,0,0
74,13,0.8888889,0,0
74,14,0.8888889,0,0
74,15,0.8888889,0,0
74,16,0.8888889,0,0
74,17,0.8888889,0,0
74,18,0.8888889,0,0
75,4,0.1777778,6,11
75,5,0.3333333,6,11
75,6,0.5333334,10,8
75,7,0.6888889,5,3
75,8,0.7555556,1,3
75,9,0.8,1,3
75,10,0.8,1,3
75,11,0.8444445,1,1
75,12,0.8666667,1,0
75,13,0.8666667,1,0
75,14,0.8666667,1,0
75,15,0.8666667,1,0
75,16,0.8666667,1,0
75,17,0.8666667,1,0
75,18,0.8888889,0,0
76,4,0.1777778,6,11
76,5,0.3111111,9,10
76,6,0.4444444,6,11
76,7,0.5111111,7,7
76,8,0.6222222,2,5
76,9,0.7111111,1,4
76,10,0.7555556,2,2
76,11,0.8222222,1,0
76,12,0.8666667,0,0
76,13,0.8888889,0,0
76,14,0.8888889,0,0
76,15,0.8888889,0,0
76,16,0.8888889,0,0
76,17,0.8888889,0,0
76,18,0.8888889,0,0
77,4,0.1777778,6,11
77,5,0.2888889,7,11
77,6,0.4666667,8,11
77,7,0.6,9,5
77,8,0.7333333,5,1
77,9,0.8,2,0
77,10,0.8222222,2,0
77,11,0.8444445,1,0
77,12,0.8444445,1,0
77,13,0.8666667,1,0
77,14,0.8888889,0,0
77,15,0.8888889,0,0
77,16,0.8888889,0,0
77,17,0.8888889,0,0
77,18,0.8888889,0,0
78,4,0.1777778,6,11
78,5,0.2666667,6,13
78,6,0.4,10,11
78,7,0.4888889,5,10
78,8,0.5777778,4,7
78,9,0.6888889,3,4
78,10,0.8,3,0
78,11,0.8666667,0,0
78,12,0.8666667,0,0
78,13,0.8666667,0,0
78,14,0.8666667,0,0
78,15,0.8666667,0,0
78,16,0.8666667,0,0
78,17,0.8666667,0,0
78,18,0.8888889,0,0
79,4,0.1777778,6,11
79,5,0.2666667,6,11
79,6,0.4,8,10
79,7,0.5333334,7,7
79,8,0.6222222,4,3
79,9,0.7111111,2,3
79,10,0.8222222,2,0
79,11,0.8666667,0,0
79,12,0.8888889,0,0
79,13,0.8888889,0,0
79,14,0.8888889,0,0
79,15,0.8888889,0,0
79,16,0.8888889,0,0
79,17,0.8888889,0,0
79,18,0.8888889,0,0
80,4,0.1777778,6,11
80,5,0.2888889,7,9
80,6,0.4,8,14
80,7,0.6,10,7
80,8,0.7111111,5,3
80,9,0.8222222,1,0
80,10,0.8444445,0,0
80,11,0.8666667,0,0
80,12,0.8888889,0,0
80,13,0.8888889,0,0
80,14,0.8888889,0,0
80,15,0.8888889,0,0
80,16,0.8888889,0,0
80,17,0.8888889,0,0
80,18,0.8888889,0,0
81,4,0.1777778,6,11
81,5,0.2666667,7,14
81,6,0.4666667,9,10
81,7,0.5777778,9,7
81,8,0.7111111,7,4
81,9,0.7555556,2,1
81,10,0.8,2,0
81,11,0.8222222,1,0
81,12,0.8888889,0,0
81,13,0.8888889,0,0
81,14,0.8888889,0,0
81,15,0.8888889,0,0
81,16,0.8888889,0,0
81,17,0.8888889,0,0
81,18,0.8888889,0,0
82,4,0.1777778,6,11
82,5,0.3333333,7,9
82,6,0.4666667,8,11
82,7,0.6666667,6,3
82,8,0.7555556,1,3
82,9,0.7777778,1,3
82,10,0.8,1,3
82,11,0.8222222,2,2
82,12,0.8444445,1,1
82,13,0.8666667,1,0
82,14,0.8888889,0,0
82,15,0.8888889,0,0
82,16,0.8888889,0,0
82,17,0.8888889,0,0
82,18,0.8888889,0,0
83,4,0.1777778,6,11
83,5,0.2888889,6,14
83,6,0.4666667,8,10
83,7,0.6444445,6,5
83,8,0.7333333,5,2
83,9,0.8222222,1,0
83,10,0.8444445,0,0
83,11,0.8888889,0,0
83,12,0.8888889,0,0
83,13,0.8888889,0,0
83,14,0.8888889,0,0
83,15,0.8888889,0,0
83,16,0.8888889,0,0
83,17,0.8888889,0,0
83,18,0.8888889,0,0
84,4,0.1777778,6,11
84,5,0.2444444,8,11
84,6,0.4444444,7,10
84,7,0.6888889,6,7
84,8,0.7555556,3,3
84,9,0.8222222,1,1
84,10,0.8444445,1,1
84,11,0.8444445,1,1
84,12,0.8444445,1,1
84,13,0.8666667,1,0
84,14,0.8666667,1,0
84,15,0.8666667,1,0
84,16,0.8888889,0,0
84,17,0.8888889,0,0
84,18,0.8888889,0,0
85,4,0.1777778,6,11
85,5,0.2666667,7,11
85,6,0.4,9,14
85,7,0.6,8,7
85,8,0.6666667,3,6
85,9,0.7333333,4,3
85,10,0.7777778,2,0
85,11,0.8,1,0
85,12,0.8444445,0,0
85,13,0.8666667,0,0
85,14,0.8666667,0,0
85,15,0.8666667,0,0
85,16,0.8888889,0,0
85,17,0.8888889,0,0
85,18,0.8888889,0,0
86,4,0.1777778,6,11
86,5,0.3111111,9,13
86,6,0.4444444,8,11
86,7,0.6,7,8
86,8,0.8,2,1
86,9,0.8444445,0,0
86,10,0.8444445,0,0
86,11,0.8444445,0,0
86,12,0.8444445,0,0
86,13,0.8444445,0,0
86,14,0.8888889,0,0
86,15,0.8888889,0,0
86,16,0.8888889,0,0
86,17,0.8888889,0,0
86,18,0.8888889,0,0
87,4,0.1777778,6,11
87,5,0.2888889,8,10
87,6,0.4888889,8,10
87,7,0.6666667,5,4
87,8,0.7777778,2,1
87,9,0.8444445,1,0
87,10,0.8666667,0,0
87,11,0.8666667,0,0
87,12,0.8888889,0,0
87,13,0.8888889,0,0
87,14,0.8888889,0,0
87,15,0.8888889,0,0
87,16,0.8888889,0,0
87,17,0.8888889,0,0
87,18,0.8888889,0,0
88,4,0.1777778,6,11
88,5,0.2444444,8,14
88,6,0.3333333,8,14
88,7,0.4,10,14
88,8,0.6,6,6
88,9,0.6666667,4,4
88,10,0.7333333,2,2
88,11,0.8,2,0
88,12,0.8222222,1,0
88,13,0.8444445,0,0
88,14,0.8666667,0,0
88,15,0.8888889,0,0
88,16,0.8888889,0,0
88,17,0.8888889,0,0
88,18,0.8888889,0,0
89,4,0.1777778,6,11
89,5,0.2444444,6,11
89,6,0.3555556,8,9
89,7,0.5111111,6,9
89,8,0.6444445,2,4
89,9,0.7333333,3,2
89,10,0.8,1,1
89,11,0.8222222,1,0
89,12,0.8888889,0,0
89,13,0.8888889,0,0
89,14,0.8888889,0,0
89,15,0.8888889,0,0
89,16,0.8888889,0,0
89,17,0.8888889,0,0
89,18,0.8888889,0,0
90,4,0.1777778,6,11
90,5,0.3333333,8,12
90,6,0.5333334,9,8
90,7,0.6666667,2,3
90,8,0.7555556,1,3
90,9,0.7555556,1,3
90,10,0.7777778,1,3
90,11,0.7777778,1,3
90,12,0.8222222,1,2
90,13,0.8666667,1,0
90,14,0.8666667,1,0
90,15,0.8888889,0,0
90,16,0.8888889,0,0
90,17,0.8888889,0,0
90,18,0.8888889,0,0
91,4,0.1777778,6,11
91,5,0.3777778,8,11
91,6,0.5555556,7,10
91,7,0.6444445,4,6
91,8,0.7333333,5,1
91,9,0.8,2,0
91,10,0.8444445,1,0
91,11,0.8666667,0,0
91,12,0.8666667,0,0
91,13,0.8666667,0,0
91,14,0.8888889,0,0
91,15,0.8888889,0,0
91,16,0.8888889,0,0
91,17,0.8888889,0,0
91,18,0.8888889,0,0
92,4,0.1777778,6,11
92,5,0.2222222,7,13
92,6,0.3555556,9,11
92,7,0.5777778,10,5
92,8,0.7111111,4,4
92,9,0.8222222,1,0
92,10,0.8888889,0,0
92,11,0.8888889,0,0
92,12,0.8888889,0,0
92,13,0.8888889,0,0
92,14,0.8888889,0,0
92,15,0.8888889,0,0
92,16,0.8888889,0,0
92,17,0.8888889,0,0
92,18,0.8888889,0,0
93,4,0.1777778,6,11
93,5,0.2888889,8,11
93,6,0.4444444,10,12
93,7,0.6222222,9,7
93,8,0.8,1,2
93,9,0.8666667,0,0
93,10,0.8666667,0,0
93,11,0.8888889,0,0
93,12,0.8888889,0,0
93,13,0.8888889,0,0
93,14,0.8888889,0,0
93,15,0.8888889,0,0
93,16,0.8888889,0,0
93,17,0.8888889,0,0
93,18,0.8888889,0,0
94,4,0.1777778,6,11
94,5,0.3333333,8,12
94,6,0.4888889,7,10
94,7,0.7111111,4,2
94,8,0.7777778,2,0
94,9,0.7777778,2,0
94,10,0.8444445,0,0
94,11,0.8666667,0,0
94,12,0.8888889,0,0
94,13,0.8888889,0,0
94,14,0.8888889,0,0
94,15,0.8888889,0,0
94,16,0.8888889,0,0
94,17,0.8888889,0,0
94,18,0.8888889,0,0
95,4,0.1777778,6,11
95,5,0.3333333,7,11
95,6,0.5111111,9,8
95,7,0.6444445,3,3
95,8,0.7555556,2,1
95,9,0.8,2,0
95,10,0.8888889,0,0
95,11,0.8888889,0,0
95,12,0.8888889,0,0
95,13,0.8888889,0,0
95,14,0.8888889,0,0
95,15,0.8888889,0,0
95,16,0.8888889,0,0
95,17,0.8888889,0,0
95,18,0.8888889,0,0
96,4,0.1777778,6,11
96,5,0.3111111,7,12
96,6,0.4222222,6,11
96,7,0.5333334,4,9
96,8,0.6222222,4,5
96,9,0.6888889,4,3
96,10,0.7555556,2,4
96,11,0.7777778,3,3
96,12,0.8,2,2
96,13,0.8,2,2
96,14,0.8444445,2,0
96,15,0.8666667,1,0
96,16,0.8888889,0,0
96,17,0.8888889,0,0
96,18,0.8888889,0,0
97,4,0.1777778,6,11
97,5,0.2666667,6,13
97,6,0.3777778,9,12
97,7,0.4888889,11,10
97,8,0.6444445,9,4
97,9,0.7333333,3,2
97,10,0.8222222,2,0
97,11,0.8666667,0,0
97,12,0.8666667,0,0
97,13,0.8666667,0,0
97,14,0.8666667,0,0
97,15,0.8666667,0,0
97,16,0.8666667,0,0
97,17,0.8666667,0,0
97,18,0.8666667,0,0
98,4,0.1777778,6,11
98,5,0.3111111,7,12
98,6,0.4444444,9,12
98,7,0.5777778,5,6
98,8,0.6666667,2,5
98,9,0.7555556,4,2
98,10,0.8666667,1,0
98,11,0.8888889,0,0
98,12,0.8888889,0,0
98,13,0.8888889,0,0
98,14,0.8888889,0,0
98,15,0.8888889,0,0
98,16,0.8888889,0,0
98,17,0.8888889,0,0
98,18,0.8888889,0,0
99,4,0.1777778,6,11
99,5,0.2222222,5,11
99,6,0.3555556,8,13
99,7,0.6,9,7
99,8,0.6444445,5,6
99,9,0.7333333,4,2
99,10,0.8,2,1
99,11,0.8222222,2,0
99,12,0.8666667,1,0
99,13,0.8666667,1,0
99,14,0.8888889,0,0
99,15,0.8888889,0,0
99,16,0.8888889,0,0
99,17,0.8888889,0,0
99,18,0.8888889,0,0
100,4,0.1777778,6,11
100,5,0.3333333,8,11
100,6,0.4444444,7,11
100,7,0.6444445,6,8
100,8,0.7333333,9,3
100,9,0.8222222,3,0
100,10,0.8444445,2,0
100,11,0.8666667,2,0
100,12,0.8888889,0,0
100,13,0.8888889,0,0
100,14,0.8888889,0,0
100,15,0.8888889,0,0
100,16,0.8888889,0,0
100,17,0.8888889,0,0
100,18,0.8888889,0,0
101,4,0.1777778,6,11
101,5,0.2666667,8,15
101,6,0.4444444,9,12
101,7,0.5777778,9,7
101,8,0.7111111,6,1
101,9,0.7555556,3,0
101,10,0.8666667,1,0
101,11,0.8888889,0,0
101,12,0.8888889,0,0
101,13,0.8888889,0,0
101,14,0.8888889,0,0
101,15,0.8888889,0,0
101,16,0.8888889,0,0
101,17,0.8888889,0,0
101,18,0.8888889,0,0
102,4,0.1777778,6,11
102,5,0.2444444,7,11
102,6,0.4,8,11
102,7,0.5111111,7,9
102,8,0.6444445,3,4
102,9,0.7333333,4,2
102,10,0.8,1,1
102,11,0.8222222,1,0
102,12,0.8444445,1,0
102,13,0.8666667,1,0
102,14,0.8666667,1,0
102,15,0.8888889,0,0
102,16,0.8888889,0,0
102,17,0.8888889,0,0
102,18,0.8888889,0,0
103,4,0.1777778,6,11
103,5,0.2666667,6,11
103,6,0.3777778,7,16
103,7,0.5555556,11,6
103,8,0.6666667,5,3
103,9,0.8222222,1,0
103,10,0.8666667,0,0
103,11,0.8666667,0,0
103,12,0.8888889,0,0
103,13,0.8888889,0,0
103,14,0.8888889,0,0
103,15,0.8888889,0,0
103,16,0.8888889,0,0
103,17,0.8888889,0,0
103,18,0.8888889,0,0
104,4,0.1777778,6,11
104,5,0.2666667,8,13
104,6,0.3777778,9,11
104,7,0.5555556,9,8
104,8,0.7777778,3,2
104,9,0.8222222,1,0
104,10,0.8222222,1,0
104,11,0.8444445,0,0
104,12,0.8888889,0,0
104,13,0.8888889,0,0
104,14,0.8888889,0,0
104,15,0.8888889,0,0
104,16,0.8888889,0,0
104,17,0.8888889,0,0
104,18,0.8888889,0,0
105,4,0.1777778,6,11
105,5,0.3111111,9,13
105,6,0.5555556,8,6
105,7,0.6444445,3,6
105,8,0.7555556,1,1
105,9,0.8,1,0
105,10,0.8666667,0,0
105,11,0.8666667,0,0
105,12,0.8888889,0,0
105,13,0.8888889,0,0
105,14,0.8888889,0,0
105,15,0.8888889,0,0
105,16,0.8888889,0,0
105,17,0.8888889,0,0
105,18,0.8888889,0,0
106,4,0.1777778,6,11
106,5,0.3333333,7,13
106,6,0.5333334,6,10
106,7,0.6666667,8,5
106,8,0.7777778,3,0
106,9,0.8222222,1,0
106,10,0.8666667,0,0
106,11,0.8666667,0,0
106,12,0.8888889,0,0
106,13,0.8888889,0,0
106,14,0.8888889,0,0
106,15,0.8888889,0,0
106,16,0.8888889,0,0
106,17,0.8888889,0,0
106,18,0.8888889,0,0
107,4,0.1777778,6,11
107,5,0.3111111,9,11
107,6,0.4444444,9,8
107,7,0.6222222,6,4
107,8,0.7111111,3,3
107,9,0.7555556,3,1
107,10,0.8222222,2,0
107,11,0.8444445,1,0
107,12,0.8444445,1,0
107,13,0.8666667,0,0
107,14,0.8888889,0,0
107,15,0.8888889,0,0
107,16,0.8888889,0,0
107,17,0.8888889,0,0
107,18,0.8888889,0,0
108,4,0.1777778,6,11
108,5,0.3111111,5,14
108,6,0.5111111,10,9
108,7,0.6888889,4,3
108,8,0.8,2,0
108,9,0.8444445,1,0
108,10,0.8888889,0,0
108,11,0.8888889,0,0
108,12,0.8888889,0,0
108,13,0.8888889,0,0
108,14,0.8888889,0,0
108,15,0.8888889,0,0
108,16,0.8888889,0,0
108,17,0.8888889,0,0
108,18,0.8888889,0,0
109,4,0.1777778,6,11
109,5,0.2888889,6,13
109,6,0.3777778,9,12
109,7,0.4888889,11,10
109,8,0.6666667,4,5
109,9,0.7111111,3,2
109,10,0.7555556,2,1
109,11,0.8222222,2,0
109,12,0.8888889,0,0
109,13,0.8888889,0,0
109,14,0.8888889,0,0
109,15,0.8888889,0,0
109,16,0.8888889,0,0
109,17,0.8888889,0,0
109,18,0.8888889,0,0
110,4,0.1777778,6,11
110,5,0.2666667,7,12
110,6,0.3333333,8,14
110,7,0.4444444,11,11
110,8,0.6666667,7,2
110,9,0.8,2,0
110,10,0.8666667,1,0
110,11,0.8888889,0,0
110,12,0.8888889,0,0
110,13,0.8888889,0,0
110,14,0.8888889,0,0
110,15,0.8888889,0,0
110,16,0.8888889,0,0
110,17,0.8888889,0,0
110,18,0.8888889,0,0
111,4,0.1777778,6,11
111,5,0.2666667,8,11
111,6,0.3777778,9,12
111,7,0.5111111,6,8
111,8,0.6222222,3,7
111,9,0.7555556,3,1
111,10,0.8222222,0,1
111,11,0.8444445,1,0
111,12,0.8666667,0,0
111,13,0.8888889,0,0
111,14,0.8888889,0,0
111,15,0.8888889,0,0
111,16,0.8888889,0,0
111,17,0.8888889,0,0
111,18,0.8888889,0,0
112,4,0.1777778,6,11
112,5,0.3555556,7,14
112,6,0.4222222,9,13
112,7,0.5333334,10,8
112,8,0.6888889,4,4
112,9,0.7777778,3,0
112,10,0.8,2,0
112,11,0.8222222,2,0
112,12,0.8444445,1,0
112,13,0.8444445,1,0
112,14,0.8888889,0,0
112,15,0.8888889,0,0
112,16,0.8888889,0,0
112,17,0.8888889,0,0
112,18,0.8888889,0,0
113,4,0.1777778,6,11
113,5,0.2888889,7,13
113,6,0.4666667,13,10
113,7,0.6444445,5,5
113,8,0.6888889,4,3
113,9,0.7555556,3,0
113,10,0.8444445,0,0
113,11,0.8666667,0,0
113,12,0.8666667,0,0
113,13,0.8666667,0,0
113,14,0.8888889,0,0
113,15,0.8888889,0,0
113,16,0.8888889,0,0
113,17,0.8888889,0,0
113,18,0.8888889,0,0
114,4,0.1777778,6,11
114,5,0.3333333,8,13
114,6,0.4888889,9,10
114,7,0.6222222,9,6
114,8,0.8,2,0
114,9,0.8444445,1,0
114,10,0.8444445,1,0
114,11,0.8888889,0,0
114,12,0.8888889,0,0
114,13,0.8888889,0,0
114,14,0.8888889,0,0
114,15,0.8888889,0,0
114,16,0.8888889,0,0
114,17,0.8888889,0,0
114,18,0.8888889,0,0
115,4,0.1777778,6,11
115,5,0.3333333,8,13
115,6,0.5111111,9,10
115,7,0.6666667,4,2
115,8,0.6888889,3,2
115,9,0.8222222,1,1
115,10,0.8444445,1,1
115,11,0.8444445,1,1
115,12,0.8666667,1,0
115,13,0.8888889,0,0
115,14,0.8888889,0,0
115,15,0.8888889,0,0
115,16,0.8888889,0,0
115,17,0.8888889,0,0
115,18,0.8888889,0,0
116,4,0.1777778,6,11
116,5,0.1777778,6,11
116,6,0.2444444,6,13
116,7,0.4666667,12,10
116,8,0.5777778,10,8
116,9,0.6888889,5,3
116,10,0.7777778,2,0
116,11,0.8222222,2,0
116,12,0.8666667,0,0
116,13,0.8666667,0,0
116,14,0.8666667,0,0
116,15,0.8888889,0,0
116,16,0.8888889,0,0
116,17,0.8888889,0,0
116,18,0.8888889,0,0
117,4,0.1777778,6,11
117,5,0.2888889,7,13
117,6,0.4444444,10,11
117,7,0.5777778,9,7
117,8,0.6888889,4,5
117,9,0.8,2,0
117,10,0.8222222,1,0
117,11,0.8666667,0,0
117,12,0.8666667,0,0
117,13,0.8888889,0,0
117,14,0.8888889,0,0
117,15,0.8888889,0,0
117,16,0.8888889,0,0
117,17,0.8888889,0,0
117,18,0.8888889,0,0
118,4,0.1777778,6,11
118,5,0.2666667,8,11
118,6,0.3777778,6,12
118,7,0.5333334,11,10
118,8,0.7111111,2,3
118,9,0.7777778,2,0
118,10,0.8222222,0,0
118,11,0.8666667,0,0
118,12,0.8666667,0,0
118,13,0.8888889,0,0
118,14,0.8888889,0,0
118,15,0.8888889,0,0
118,16,0.8888889,0,0
118,17,0.8888889,0,0
118,18,0.8888889,0,0
119,4,0.1777778,6,11
119,5,0.2666667,6,10
119,6,0.2888889,6,9
119,7,0.4666667,6,10
119,8,0.6222222,5,6
119,9,0.7111111,3,3
119,10,0.7555556,4,2
119,11,0.8,2,1
119,12,0.8444445,1,0
119,13,0.8444445,1,0
119,14,0.8888889,0,0
119,15,0.8888889,0,0
119,16,0.8888889,0,0
119,17,0.8888889,0,0
119,18,0.8888889,0,0
120,4,0.1777778,6,11
120,5,0.3111111,9,14
120,6,0.5111111,9,10
120,7,0.6666667,6,4
120,8,0.7555556,1,2
120,9,0.8,2,0
120,10,0.8444445,0,0
120,11,0.8666667,0,0
120,12,0.8666667,0,0
120,13,0.8666667,0,0
120,14,0.8888889,0,0
120,15,0.8888889,0,0
120,16,0.8888889,0,0
120,17,0.8888889,0,0
120,18,0.8888889,0,0
121,4,0.1777778,6,11
121,5,0.2444444,7,11
121,6,0.3777778,8,13
121,7,0.5555556,8,9
121,8,0.7111111,5,2
121,9,0.8222222,3,0
121,10,0.8888889,0,0
121,11,0.8888889,0,0
121,12,0.8888889,0,0
121,13,0.8888889,0,0
121,14,0.8888889,0,0
121,15,0.8888889,0,0
121,16,0.8888889,0,0
121,17,0.8888889,0,0
121,18,0.8888889,0,0
122,4,0.1777778,6,11
122,5,0.3111111,9,11
122,6,0.4444444,9,12
122,7,0.6,7,5
122,8,0.7111111,3,2
122,9,0.7333333,2,2
122,10,0.8,1,1
122,11,0.8,1,1
122,12,0.8444445,1,0
122,13,0.8444445,1,0
122,14,0.8888889,0,0
122,15,0.8888889,0,0
122,16,0.8888889,0,0
122,17,0.8888889,0,0
122,18,0.8888889,0,0
123,4,0.1777778,6,11
123,5,0.2888889,8,14
123,6,0.4666667,11,13
123,7,0.6888889,5,3
123,8,0.7555556,4,0
123,9,0.8666667,0,0
123,10,0.8666667,0,0
123,11,0.8888889,0,0
123,12,0.8888889,0,0
123,13,0.8888889,0,0
123,14,0.8888889,0,0
123,15,0.8888889,0,0
123,16,0.8888889,0,0
123,17,0.8888889,0,0
123,18,0.8888889,0,0
124,4,0.1777778,6,11
124,5,0.2888889,8,9
124,6,0.4444444,7,13
124,7,0.5777778,6,7
124,8,0.7111111,4,2
124,9,0.8222222,2,0
124,10,0.8666667,1,0
124,11,0.8666667,1,0
124,12,0.8888889,0,0
124,13,0.8888889,0,0
124,14,0.8888889,0,0
124,15,0.8888889,0,0
124,16,0.8888889,0,0
124,17,0.8888889,0,0
124,18,0.8888889,0,0
125,4,0.1777778,6,11
125,5,0.2222222,7,12
125,6,0.3777778,8,11
125,7,0.5333334,8,7
125,8,0.6444445,3,5
125,9,0.7555556,6,0
125,10,0.8,3,0
125,11,0.8444445,1,0
125,12,0.8666667,0,0
125,13,0.8888889,0,0
125,14,0.8888889,0,0
125,15,0.8888889,0,0
125,16,0.8888889,0,0
125,17,0.8888889,0,0
125,18,0.8888889,0,0
126,4,0.1777778,6,11
126,5,0.2444444,7,10
126,6,0.3777778,8,12
126,7,0.4888889,9,10
126,8,0.6,5,7
126,9,0.7111111,4,2
126,10,0.8222222,2,0
126,11,0.8666667,0,0
126,12,0.8666667,0,0
126,13,0.8666667,0,0
126,14,0.8666667,0,0
126,15,0.8888889,0,0
126,16,0.8888889,0,0
126,17,0.8888889,0,0
126,18,0.8888889,0,0
127,4,0.1777778,6,11
127,5,0.2444444,7,11
127,6,0.2666667,8,10
127,7,0.3333333,9,11
127,8,0.5111111,7,10
127,9,0.6222222,7,6
127,10,0.7333333,3,2
127,11,0.7777778,1,1
127,12,0.8222222,1,0
127,13,0.8444445,1,0
127,14,0.8666667,0,0
127,15,0.8666667,0,0
127,16,0.8666667,0,0
127,17,0.8666667,0,0
127,18,0.8888889,0,0
128,4,0.1777778,6,11
128,5,0.3111111,7,12
128,6,0.4222222,10,11
128,7,0.5777778,10,8
128,8,0.7333333,3,3
128,9,0.8,0,1
128,10,0.8,0,1
128,11,0.8444445,1,0
128,12,0.8666667,0,0
128,13,0.8666667,0,0
128,14,0.8666667,0,0
128,15,0.8666667,0,0
128,16,0.8888889,0,0
128,17,0.8888889,0,0
128,18,0.8888889,0,0
129,4,0.1777778,6,11
129,5,0.2444444,7,13
129,6,0.3777778,8,10
129,7,0.5111111,8,8
129,8,0.6222222,8,6
129,9,0.7555556,2,2
129,10,0.8,2,2
129,11,0.8444445,1,0
129,12,0.8444445,1,0
129,13,0.8666667,1,0
129,14,0.8666667,1,0
129,15,0.8666667,1,0
129,16,0.8666667,1,0
129,17,0.8666667,1,0
129,18,0.8888889,0,0
130,4,0.1777778,6,11
130,5,0.2888889,9,11
130,6,0.4,8,13
130,7,0.5555556,8,9
130,8,0.6888889,2,3
130,9,0.8,2,0
130,10,0.8666667,0,0
130,11,0.8666667,0,0
130,12,0.8666667,0,0
130,13,0.8666667,0,0
130,14,0.8666667,0,0
130,15,0.8888889,0,0
130,16,0.8888889,0,0
130,17,0.8888889,0,0
130,18,0.8888889,0,0
131,4,0.1777778,6,11
131,5,0.2444444,8,12
131,6,0.4222222,7,10
131,7,0.5111111,7,9
131,8,0.7111111,4,2
131,9,0.7555556,4,2
131,10,0.8222222,1,0
131,11,0.8888889,0,0
131,12,0.8888889,0,0
131,13,0.8888889,0,0
131,14,0.8888889,0,0
131,15,0.8888889,0,0
131,16,0.8888889,0,0
131,17,0.8888889,0,0
131,18,0.8888889,0,0
132,4,0.1777778,6,11
132,5,0.3333333,9,13
132,6,0.4444444,9,10
132,7,0.5555556,6,7
132,8,0.6666667,4,4
132,9,0.8,2,1
132,10,0.8444445,2,0
132,11,0.8666667,1,0
132,12,0.8666667,1,0
132,13,0.8888889,0,0
132,14,0.8888889,0,0
132,15,0.8888889,0,0
132,16,0.8888889,0,0
132,17,0.8888889,0,0
132,18,0.8888889,0,0
133,4,0.1777778,6,11
133,5,0.2222222,7,11
133,6,0.3555556,9,13
133,7,0.5777778,11,8
133,8,0.6444445,7,4
133,9,0.7333333,2,1
133,10,0.7777778,2,0
133,11,0.8222222,1,0
133,12,0.8666667,0,0
133,13,0.8666667,0,0
133,14,0.8888889,0,0
133,15,0.8888889,0,0
133,16,0.8888889,0,0
133,17,0.8888889,0,0
133,18,0.8888889,0,0
134,4,0.1777778,6,11
134,5,0.3111111,5,11
134,6,0.4444444,5,11
134,7,0.5555556,8,5
134,8,0.6444445,1,6
134,9,0.7111111,3,4
134,10,0.8,2,1
134,11,0.8666667,1,0
134,12,0.8666667,1,0
134,13,0.8888889,0,0
134,14,0.8888889,0,0
134,15,0.8888889,0,0
134,16,0.8888889,0,0
134,17,0.8888889,0,0
134,18,0.8888889,0,0
135,4,0.1777778,6,11
135,5,0.3333333,7,11
135,6,0.4666667,11,11
135,7,0.6666667,6,3
135,8,0.8,1,1
135,9,0.8444445,1,1
135,10,0.8666667,1,0
135,11,0.8666667,1,0
135,12,0.8888889,0,0
135,13,0.8888889,0,0
135,14,0.8888889,0,0
135,15,0.8888889,0,0
135,16,0.8888889,0,0
135,17,0.8888889,0,0
135,18,0.8888889,0,0
136,4,0.1777778,6,11
136,5,0.2666667,8,9
136,6,0.3333333,7,10
136,7,0.4444444,8,11
136,8,0.6222222,7,5
136,9,0.7555556,2,1
136,10,0.8,1,0
136,11,0.8,1,0
136,12,0.8444445,0,0
136,13,0.8666667,0,0
136,14,0.8888889,0,0
136,15,0.8888889,0,0
136,16,0.8888889,0,0
136,17,0.8888889,0,0
136,18,0.8888889,0,0
137,4,0.1777778,6,11
137,5,0.2222222,5,13
137,6,0.3333333,9,13
137,7,0.5111111,10,7
137,8,0.6666667,5,3
137,9,0.7555556,2,1
137,10,0.7777778,2,1
137,11,0.8666667,1,0
137,12,0.8888889,0,0
137,13,0.8888889,0,0
137,14,0.8888889,0,0
137,15,0.8888889,0,0
137,16,0.8888889,0,0
137,17,0.8888889,0,0
137,18,0.8888889,0,0
138,4,0.1777778,6,11
138,5,0.3111111,9,11
138,6,0.4444444,9,11
138,7,0.5555556,9,9
138,8,0.6888889,6,3
138,9,0.8,1,0
138,10,0.8222222,1,0
138,11,0.8666667,0,0
138,12,0.8888889,0,0
138,13,0.8888889,0,0
138,14,0.8888889,0,0
138,15,0.8888889,0,0
138,16,0.8888889,0,0
138,17,0.8888889,0,0
138,18,0.8888889,0,0
139,4,0.1777778,6,11
139,5,0.3111111,8,13
139,6,0.4666667,9,11
139,7,0.5333334,8,7
139,8,0.7111111,4,2
139,9,0.7777778,2,3
139,10,0.8444445,2,0
139,11,0.8888889,0,0
139,12,0.8888889,0,0
139,13,0.8888889,0,0
139,14,0.8888889,0,0
139,15,0.8888889,0,0
139,16,0.8888889,0,0
139,17,0.8888889,0,0
139,18,0.8888889,0,0
140,4,0.1777778,6,11
140,5,0.2888889,7,14
140,6,0.4222222,8,12
140,7,0.6,5,6
140,8,0.6444445,6,5
140,9,0.6888889,5,3
140,10,0.7777778,2,1
140,11,0.8444445,1,1
140,12,0.8666667,1,0
140,13,0.8888889,0,0
140,14,0.8888889,0,0
140,15,0.8888889,0,0
140,16,0.8888889,0,0
140,17,0.8888889,0,0
140,18,0.8888889,0,0
141,4,0.1777778,6,11
141,5,0.2666667,6,10
141,6,0.4,8,10
141,7,0.5333334,6,11
141,8,0.6444445,8,6
141,9,0.7111111,6,4
141,10,0.8666667,1,0
141,11,0.8666667,1,0
141,12,0.8888889,0,0
141,13,0.8888889,0,0
141,14,0.8888889,0,0
141,15,0.8888889,0,0
141,16,0.8888889,0,0
141,17,0.8888889,0,0
141,18,0.8888889,0,0
142,4,0.1777778,6,11
142,5,0.3333333,7,10
142,6,0.5111111,9,8
142,7,0.6222222,6,6
142,8,0.7333333,2,3
142,9,0.8,1,1
142,10,0.8444445,1,1
142,11,0.8666667,1,0
142,12,0.8666667,1,0
142,13,0.8666667,1,0
142,14,0.8888889,0,0
142,15,0.8888889,0,0
142,16,0.8888889,0,0
142,17,0.8888889,0,0
142,18,0.8888889,0,0
143,4,0.1777778,6,11
143,5,0.3333333,9,13
143,6,0.5555556,7,9
143,7,0.6666667,6,5
143,8,0.7777778,3,0
143,9,0.8444445,2,0
143,10,0.8666667,1,0
143,11,0.8666667,1,0
143,12,0.8666667,1,0
143,13,0.8666667,1,0
143,14,0.8888889,0,0
143,15,0.8888889,0,0
143,16,0.8888889,0,0
143,17,0.8888889,0,0
143,18,0.8888889,0,0
144,4,0.1777778,6,11
144,5,0.2444444,6,12
144,6,0.3555556,8,11
144,7,0.4666667,9,11
144,8,0.6,9,7
144,9,0.7111111,6,3
144,10,0.8222222,1,1
144,11,0.8444445,1,1
144,12,0.8444445,1,1
144,13,0.8666667,1,0
144,14,0.8666667,1,0
144,15,0.8666667,1,0
144,16,0.8888889,0,0
144,17,0.8888889,0,0
144,18,0.8888889,0,0
145,4,0.1777778,6,11
145,5,0.2888889,8,9
145,6,0.5111111,6,10
145,7,0.5777778,5,6
145,8,0.6444445,3,4
145,9,0.6888889,3,5
145,10,0.7555556,3,2
145,11,0.8,1,1
145,12,0.8444445,1,0
145,13,0.8666667,1,0
145,14,0.8888889,0,0
145,15,0.8888889,0,0
145,16,0.8888889,0,0
145,17,0.8888889,0,0
145,18,0.8888889,0,0
146,4,0.1777778,6,11
146,5,0.2888889,6,9
146,6,0.4,6,11
146,7,0.6222222,8,6
146,8,0.7555556,4,2
146,9,0.8222222,3,2
146,10,0.8666667,1,0
146,11,0.8666667,1,0
146,12,0.8666667,1,0
146,13,0.8888889,0,0
146,14,0.8888889,0,0
146,15,0.8888889,0,0
146,16,0.8888889,0,0
146,17,0.8888889,0,0
146,18,0.8888889,0,0
147,4,0.1777778,6,11
147,5,0.3111111,5,12
147,6,0.4888889,8,9
147,7,0.5555556,6,8
147,8,0.7333333,3,3
147,9,0.8,3,2
147,10,0.8666667,1,0
147,11,0.8666667,1,0
147,12,0.8666667,1,0
147,13,0.8666667,1,0
147,14,0.8888889,0,0
147,15,0.8888889,0,0
147,16,0.8888889,0,0
147,17,0.8888889,0,0
147,18,0.8888889,0,0
148,4,0.1777778,6,11
148,5,0.3333333,6,13
148,6,0.5555556,11,7
148,7,0.7333333,3,2
148,8,0.7777778,2,2
148,9,0.7777778,2,2
148,10,0.8444445,1,1
148,11,0.8666667,1,0
148,12,0.8888889,0,0
148,13,0.8888889,0,0
148,14,0.8888889,0,0
148,15,0.8888889,0,0
148,16,0.8888889,0,0
148,17,0.8888889,0,0
148,18,0.8888889,0,0
149,4,0.1777778,6,11
149,5,0.2888889,6,14
149,6,0.4222222,8,13
149,7,0.5555556,9,8
149,8,0.6666667,8,4
149,9,0.8,3,0
149,10,0.8444445,1,0
149,11,0.8666667,0,0
149,12,0.8666667,0,0
149,13,0.8666667,0,0
149,14,0.8666667,0,0
149,15,0.8666667,0,0
149,16,0.8888889,0,0
149,17,0.8888889,0,0
149,18,0.8888889,0,0
150,4,0.1777778,6,11
150,5,0.2666667,6,14
150,6,0.3555556,10,13
150,7,0.5333334,9,8
150,8,0.6666667,4,4
150,9,0.7111111,4,3
150,10,0.7777778,3,2
150,11,0.8444445,2,0
150,12,0.8666667,1,0
150,13,0.8666667,1,0
150,14,0.8888889,0,0
150,15,0.8888889,0,0
150,16,0.8888889,0,0
150,17,0.8888889,0,0
150,18,0.8888889,0,0
151,4,0.1777778,6,11
151,5,0.2666667,8,9
151,6,0.4,7,13
151,7,0.5777778,11,4
151,8,0.8,2,2
151,9,0.8,2,2
151,10,0.8444445,1,1
151,11,0.8666667,1,0
151,12,0.8666667,1,0
151,13,0.8888889,0,0
151,14,0.8888889,0,0
151,15,0.8888889,0,0
151,16,0.8888889,0,0
151,17,0.8888889,0,0
151,18,0.8888889,0,0
152,4,0.1777778,6,11
152,5,0.2666667,8,13
152,6,0.4444444,7,9
152,7,0.6,5,6
152,8,0.6888889,4,5
152,9,0.7555556,5,2
152,10,0.8222222,3,2
152,11,0.8444445,1,1
152,12,0.8666667,1,0
152,13,0.8888889,0,0
152,14,0.8888889,0,0
152,15,0.8888889,0,0
152,16,0.8888889,0,0
152,17,0.8888889,0,0
152,18,0.8888889,0,0
153,4,0.1777778,6,11
153,5,0.3111111,8,12
153,6,0.4666667,10,8
153,7,0.6444445,4,7
153,8,0.7555556,2,2
153,9,0.8222222,1,1
153,10,0.8444445,1,0
153,11,0.8444445,1,0
153,12,0.8444445,1,0
153,13,0.8444445,1,0
153,14,0.8666667,0,0
153,15,0.8666667,0,0
153,16,0.8888889,0,0
153,17,0.8888889,0,0
153,18,0.8888889,0,0
154,4,0.1777778,6,11
154,5,0.2666667,6,12
154,6,0.4444444,9,10
154,7,0.6222222,5,6
154,8,0.7333333,1,2
154,9,0.7777778,2,1
154,10,0.8444445,1,0
154,11,0.8888889,0,0
154,12,0.8888889,0,0
154,13,0.8888889,0,0
154,14,0.8888889,0,0
154,15,0.8888889,0,0
154,16,0.8888889,0,0
154,17,0.8888889,0,0
154,18,0.8888889,0,0
155,4,0.1777778,6,11
155,5,0.2888889,8,11
155,6,0.4222222,10,10
155,7,0.6444445,7,5
155,8,0.7555556,5,2
155,9,0.8222222,2,1
155,10,0.8444445,1,0
155,11,0.8888889,0,0
155,12,0.8888889,0,0
155,13,0.8888889,0,0
155,14,0.8888889,0,0
155,15,0.8888889,0,0
155,16,0.8888889,0,0
155,17,0.8888889,0,0
155,18,0.8888889,0,0
156,4,0.1777778,6,11
156,5,0.2444444,6,12
156,6,0.3111111,8,13
156,7,0.4,9,12
156,8,0.6,10,6
156,9,0.8,2,1
156,10,0.8222222,1,1
156,11,0.8666667,0,0
156,12,0.8888889,0,0
156,13,0.8888889,0,0
156,14,0.8888889,0,0
156,15,0.8888889,0,0
156,16,0.8888889,0,0
156,17,0.8888889,0,0
156,18,0.8888889,0,0
157,4,0.1777778,6,11
157,5,0.2222222,5,13
157,6,0.3777778,10,12
157,7,0.4888889,9,10
157,8,0.6,7,7
157,9,0.7111111,4,2
157,10,0.7777778,3,2
157,11,0.8222222,1,1
157,12,0.8444445,1,0
157,13,0.8888889,0,0
157,14,0.8888889,0,0
157,15,0.8888889,0,0
157,16,0.8888889,0,0
157,17,0.8888889,0,0
157,18,0.8888889,0,0
158,4,0.1777778,6,11
158,5,0.2222222,6,11
158,6,0.3111111,7,10
158,7,0.4222222,7,11
158,8,0.5777778,6,7
158,9,0.7111111,2,3
158,10,0.8,2,2
158,11,0.8222222,2,2
158,12,0.8666667,1,0
158,13,0.8666667,1,0
158,14,0.8888889,0,0
158,15,0.8888889,0,0
158,16,0.8888889,0,0
158,17,0.8888889,0,0
158,18,0.8888889,0,0
159,4,0.1777778,6,11
159,5,0.2666667,8,14
159,6,0.4888889,9,11
159,7,0.6888889,4,3
159,8,0.8,1,0
159,9,0.8444445,1,0
159,10,0.8666667,1,0
159,11,0.8888889,0,0
159,12,0.8888889,0,0
159,13,0.8888889,0,0
159,14,0.8888889,0,0
159,15,0.8888889,0,0
159,16,0.8888889,0,0
159,17,0.8888889,0,0
159,18,0.8888889,0,0
160,4,0.1777778,6,11
160,5,0.2888889,7,12
160,6,0.4444444,8,11
160,7,0.6,7,8
160,8,0.7555556,2,4
160,9,0.7777778,1,3
160,10,0.8444445,2,0
160,11,0.8666667,1,0
160,12,0.8666667,1,0
160,13,0.8888889,0,0
160,14,0.8888889,0,0
160,15,0.8888889,0,0
160,16,0.8888889,0,0
160,17,0.8888889,0,0
160,18,0.8888889,0,0
161,4,0.1777778,6,11
161,5,0.3111111,8,14
161,6,0.4666667,10,10
161,7,0.6222222,9,4
161,8,0.7333333,3,1
161,9,0.7555556,3,1
161,10,0.8666667,1,0
161,11,0.8666667,1,0
161,12,0.8888889,0,0
161,13,0.8888889,0,0
161,14,0.8888889,0,0
161,15,0.8888889,0,0
161,16,0.8888889,0,0
161,17,0.8888889,0,0
161,18,0.8888889,0,0
162,4,0.1777778,6,11
162,5,0.2888889,7,12
162,6,0.4222222,9,13
162,7,0.5777778,7,8
162,8,0.7555556,7,0
162,9,0.8444445,1,0
162,10,0.8666667,0,0
162,11,0.8666667,0,0
162,12,0.8666667,0,0
162,13,0.8888889,0,0
162,14,0.8888889,0,0
162,15,0.8888889,0,0
162,16,0.8888889,0,0
162,17,0.8888889,0,0
162,18,0.8888889,0,0
163,4,0.1777778,6,11
163,5,0.3333333,7,11
163,6,0.3777778,8,11
163,7,0.4666667,9,12
163,8,0.6222222,10,6
163,9,0.7555556,3,0
163,10,0.8222222,2,0
163,11,0.8222222,2,0
163,12,0.8666667,0,0
163,13,0.8666667,0,0
163,14,0.8888889,0,0
163,15,0.8888889,0,0
163,16,0.8888889,0,0
163,17,0.8888889,0,0
163,18,0.8888889,0,0
164,4,0.1777778,6,11
164,5,0.2444444,6,14
164,6,0.4,8,12
164,7,0.5777778,10,5
164,8,0.6444445,5,5
164,9,0.7555556,3,2
164,10,0.7777778,2,2
164,11,0.8444445,2,0
164,12,0.8666667,1,0
164,13,0.8888889,0,0
164,14,0.8888889,0,0
164,15,0.8888889,0,0
164,16,0.8888889,0,0
164,17,0.8888889,0,0
164,18,0.8888889,0,0
165,4,0.1777778,6,11
165,5,0.2666667,9,12
165,6,0.4,9,10
165,7,0.5555556,8,6
165,8,0.6444445,6,3
165,9,0.7555556,1,3
165,10,0.7777778,1,3
165,11,0.8222222,2,2
165,12,0.8222222,2,2
165,13,0.8444445,1,1
165,14,0.8666667,1,0
165,15,0.8666667,1,0
165,16,0.8666667,1,0
165,17,0.8888889,0,0
165,18,0.8888889,0,0
166,4,0.1777778,6,11
166,5,0.3111111,7,11
166,6,0.4444444,9,10
166,7,0.6,7,5
166,8,0.7555556,2,2
166,9,0.8444445,1,0
166,10,0.8666667,0,0
166,11,0.8888889,0,0
166,12,0.8888889,0,0
166,13,0.8888889,0,0
166,14,0.8888889,0,0
166,15,0.8888889,0,0
166,16,0.8888889,0,0
166,17,0.8888889,0,0
166,18,0.8888889,0,0
167,4,0.1777778,6,11
167,5,0.2666667,8,10
167,6,0.3333333,7,11
167,7,0.4,9,12
167,8,0.5111111,10,9
167,9,0.6444445,7,5
167,10,0.8222222,2,0
167,11,0.8444445,2,0
167,12,0.8888889,0,0
167,13,0.8888889,0,0
167,14,0.8888889,0,0
167,15,0.8888889,0,0
167,16,0.8888889,0,0
167,17,0.8888889,0,0
167,18,0.8888889,0,0
168,4,0.1777778,6,11
168,5,0.2888889,6,10
168,6,0.3555556,7,9
168,7,0.4888889,8,10
168,8,0.5777778,5,6
168,9,0.7333333,4,2
168,10,0.7555556,3,2
168,11,0.8,2,2
168,12,0.8222222,2,2
168,13,0.8666667,1,0
168,14,0.8888889,0,0
168,15,0.8888889,0,0
168,16,0.8888889,0,0
168,17,0.8888889,0,0
168,18,0.8888889,0,0
169,4,0.1777778,6,11
169,5,0.2888889,7,13
169,6,0.4,9,10
169,7,0.5111111,6,9
169,8,0.6666667,4,3
169,9,0.7555556,3,3
169,10,0.7777778,2,2
169,11,0.8222222,1,1
169,12,0.8666667,1,0
169,13,0.8666667,1,0
169,14,0.8888889,0,0
169,15,0.8888889,0,0
169,16,0.8888889,0,0
169,17,0.8888889,0,0
169,18,0.8888889,0,0
170,4,0.1777778,6,11
170,5,0.3333333,9,13
170,6,0.5111111,10,10
170,7,0.6888889,4,2
170,8,0.7555556,2,1
170,9,0.7777778,2,1
170,10,0.8,1,1
170,11,0.8444445,1,0
170,12,0.8444445,1,0
170,13,0.8888889,0,0
170,14,0.8888889,0,0
170,15,0.8888889,0,0
170,16,0.8888889,0,0
170,17,0.8888889,0,0
170,18,0.8888889,0,0
171,4,0.1777778,6,11
171,5,0.3333333,8,13
171,6,0.4666667,9,11
171,7,0.5555556,10,6
171,8,0.6444445,7,2
171,9,0.7555556,3,1
171,10,0.8222222,1,0
171,11,0.8666667,1,0
171,12,0.8888889,0,0
171,13,0.8888889,0,0
171,14,0.8888889,0,0
171,15,0.8888889,0,0
171,16,0.8888889,0,0
171,17,0.8888889,0,0
171,18,0.8888889,0,0
172,4,0.1777778,6,11
172,5,0.2888889,6,12
172,6,0.3555556,7,12
172,7,0.5333334,11,10
172,8,0.6666667,10,6
172,9,0.8222222,0,0
172,10,0.8888889,0,0
172,11,0.8888889,0,0
172,12,0.8888889,0,0
172,13,0.8888889,0,0
172,14,0.8888889,0,0
172,15,0.8888889,0,0
172,16,0.8888889,0,0
172,17,0.8888889,0,0
172,18,0.8888889,0,0
173,4,0.1777778,6,11
173,5,0.2888889,6,10
173,6,0.4444444,8,12
173,7,0.6444445,3,4
173,8,0.7555556,1,3
173,9,0.8,1,3
173,10,0.8,1,3
173,11,0.8,1,3
173,12,0.8666667,1,0
173,13,0.8666667,1,0
173,14,0.8888889,0,0
173,15,0.8888889,0,0
173,16,0.8888889,0,0
173,17,0.8888889,0,0
173,18,0.8888889,0,0
174,4,0.1777778,6,11
174,5,0.2444444,8,12
174,6,0.4,8,11
174,7,0.5333334,10,5
174,8,0.6888889,4,2
174,9,0.7777778,3,2
174,10,0.8444445,2,0
174,11,0.8888889,0,0
174,12,0.8888889,0,0
174,13,0.8888889,0,0
174,14,0.8888889,0,0
174,15,0.8888889,0,0
174,16,0.8888889,0,0
174,17,0.8888889,0,0
174,18,0.8888889,0,0
175,4,0.1777778,6,11
175,5,0.2666667,7,12
175,6,0.4444444,8,12
175,7,0.5555556,7,7
175,8,0.6888889,6,4
175,9,0.7555556,4,3
175,10,0.8222222,2,1
175,11,0.8666667,1,0
175,12,0.8888889,0,0
175,13,0.8888889,0,0
175,14,0.8888889,0,0
175,15,0.8888889,0,0
175,16,0.8888889,0,0
175,17,0.8888889,0,0
175,18,0.8888889,0,0
176,4,0.1777778,6,11
176,5,0.2888889,8,12
176,6,0.4444444,10,10
176,7,0.6222222,3,6
176,8,0.6666667,4,4
176,9,0.7333333,3,2
176,10,0.7333333,3,2
176,11,0.7777778,3,0
176,12,0.8222222,2,0
176,13,0.8666667,0,0
176,14,0.8888889,0,0
176,15,0.8888889,0,0
176,16,0.8888889,0,0
176,17,0.8888889,0,0
176,18,0.8888889,0,0
177,4,0.1777778,6,11
177,5,0.2888889,7,13
177,6,0.4222222,8,12
177,7,0.5333334,9,10
177,8,0.6888889,8,2
177,9,0.8,2,0
177,10,0.8444445,1,0
177,11,0.8666667,0,0
177,12,0.8666667,0,0
177,13,0.8666667,0,0
177,14,0.8666667,0,0
177,15,0.8888889,0,0
177,16,0.8888889,0,0
177,17,0.8888889,0,0
177,18,0.8888889,0,0
178,4,0.1777778,6,11
178,5,0.2666667,6,14
178,6,0.4,6,11
178,7,0.6,6,7
178,8,0.7333333,4,2
178,9,0.8222222,1,0
178,10,0.8666667,0,0
178,11,0.8888889,0,0
178,12,0.8888889,0,0
178,13,0.8888889,0,0
178,14,0.8888889,0,0
178,15,0.8888889,0,0
178,16,0.8888889,0,0
178,17,0.8888889,0,0
178,18,0.8888889,0,0
179,4,0.1777778,6,11
179,5,0.2222222,6,9
179,6,0.3333333,6,12
179,7,0.5111111,8,7
179,8,0.5777778,6,5
179,9,0.6888889,3,3
179,10,0.7333333,2,3
179,11,0.8222222,3,2
179,12,0.8666667,1,0
179,13,0.8666667,1,0
179,14,0.8888889,0,0
179,15,0.8888889,0,0
179,16,0.8888889,0,0
179,17,0.8888889,0,0
179,18,0.8888889,0,0
180,4,0.1777778,6,11
180,5,0.2666667,7,10
180,6,0.4222222,8,9
180,7,0.5777778,3,5
180,8,0.6666667,3,3
180,9,0.7111111,2,3
180,10,0.7555556,4,2
180,11,0.7777778,3,2
180,12,0.8,2,2
180,13,0.8444445,1,0
180,14,0.8444445,1,0
180,15,0.8888889,0,0
180,16,0.8888889,0,0
180,17,0.8888889,0,0
180,18,0.8888889,0,0
181,4,0.1777778,6,11
181,5,0.2888889,7,11
181,6,0.4888889,10,12
181,7,0.5777778,7,9
181,8,0.7111111,5,2
181,9,0.8,4,0
181,10,0.8444445,1,0
181,11,0.8444445,1,0
181,12,0.8444445,1,0
181,13,0.8666667,0,0
181,14,0.8888889,0,0
181,15,0.8888889,0,0
181,16,0.8888889,0,0
181,17,0.8888889,0,0
181,18,0.8888889,0,0
182,4,0.1777778,6,11
182,5,0.3111111,8,10
182,6,0.4888889,7,12
182,7,0.6888889,5,3
182,8,0.8,1,1
182,9,0.8444445,1,0
182,10,0.8666667,0,0
182,11,0.8666667,0,0
182,12,0.8888889,0,0
182,13,0.8888889,0,0
182,14,0.8888889,0,0
182,15,0.8888889,0,0
182,16,0.8888889,0,0
182,17,0.8888889,0,0
182,18,0.8888889,0,0
183,4,0.1777778,6,11
183,5,0.3111111,8,13
183,6,0.5555556,9,8
183,7,0.6666667,6,4
183,8,0.7555556,2,1
183,9,0.7777778,1,1
183,10,0.8222222,2,0
183,11,0.8666667,0,0
183,12,0.8888889,0,0
183,13,0.8888889,0,0
183,14,0.8888889,0,0
183,15,0.8888889,0,0
183,16,0.8888889,0,0
183,17,0.8888889,0,0
183,18,0.8888889,0,0
184,4,0.1777778,6,11
184,5,0.3555556,8,14
184,6,0.5111111,10,9
184,7,0.6666667,4,4
184,8,0.7333333,6,0
184,9,0.8,2,0
184,10,0.8222222,2,0
184,11,0.8222222,2,0
184,12,0.8666667,1,0
184,13,0.8666667,1,0
184,14,0.8888889,0,0
184,15,0.8888889,0,0
184,16,0.8888889,0,0
184,17,0.8888889,0,0
184,18,0.8888889,0,0
185,4,0.1777778,6,11
185,5,0.3555556,7,13
185,6,0.5111111,8,9
185,7,0.6666667,5,5
185,8,0.6888889,4,3
185,9,0.7111111,5,2
185,10,0.8,2,1
185,11,0.8,2,1
185,12,0.8222222,1,1
185,13,0.8444445,1,1
185,14,0.8666667,1,0
185,15,0.8888889,0,0
185,16,0.8888889,0,0
185,17,0.8888889,0,0
185,18,0.8888889,0,0
186,4,0.1777778,6,11
186,5,0.2666667,7,10
186,6,0.3333333,8,12
186,7,0.4888889,10,9
186,8,0.6666667,6,5
186,9,0.7555556,2,2
186,10,0.8222222,2,1
186,11,0.8444445,2,0
186,12,0.8444445,2,0
186,13,0.8666667,1,0
186,14,0.8666667,1,0
186,15,0.8666667,1,0
186,16,0.8888889,0,0
186,17,0.8888889,0,0
186,18,0.8888889,0,0
187,4,0.1777778,6,11
187,5,0.2888889,8,11
187,6,0.4,8,7
187,7,0.6222222,0,5
187,8,0.7333333,3,3
187,9,0.8,2,3
187,10,0.8222222,3,2
187,11,0.8666667,1,0
187,12,0.8666667,1,0
187,13,0.8666667,1,0
187,14,0.8888889,0,0
187,15,0.8888889,0,0
187,16,0.8888889,0,0
187,17,0.8888889,0,0
187,18,0.8888889,0,0
188,4,0.1777778,6,11
188,5,0.3111111,7,14
188,6,0.4666667,11,12
188,7,0.6666667,7,2
188,8,0.7777778,1,0
188,9,0.8444445,0,0
188,10,0.8888889,0,0
188,11,0.8888889,0,0
188,12,0.8888889,0,0
188,13,0.8888889,0,0
188,14,0.8888889,0,0
188,15,0.8888889,0,0
188,16,0.8888889,0,0
188,17,0.8888889,0,0
188,18,0.8888889,0,0
189,4,0.1777778,6,11
189,5,0.2666667,8,11
189,6,0.3333333,8,12
189,7,0.4222222,7,11
189,8,0.5777778,10,7
189,9,0.6666667,5,3
189,10,0.7333333,5,0
189,11,0.8222222,1,0
189,12,0.8222222,1,0
189,13,0.8888889,0,0
189,14,0.8888889,0,0
189,15,0.8888889,0,0
189,16,0.8888889,0,0
189,17,0.8888889,0,0
189,18,0.8888889,0,0
190,4,0.1777778,6,11
190,5,0.2888889,6,13
190,6,0.4666667,11,12
190,7,0.5777778,8,8
190,8,0.7777778,3,0
190,9,0.8666667,0,0
190,10,0.8888889,0,0
190,11,0.8888889,0,0
190,12,0.8888889,0,0
190,13,0.8888889,0,0
190,14,0.8888889,0,0
190,15,0.8888889,0,0
190,16,0.8888889,0,0
190,17,0.8888889,0,0
190,18,0.8888889,0,0
191,4,0.1777778,6,11
191,5,0.2666667,7,10
191,6,0.4,8,14
191,7,0.5555556,9,8
191,8,0.6444445,8,6
191,9,0.8,2,2
191,10,0.8222222,2,1
191,11,0.8222222,2,1
191,12,0.8444445,2,0
191,13,0.8888889,0,0
191,14,0.8888889,0,0
191,15,0.8888889,0,0
191,16,0.8888889,0,0
191,17,0.8888889,0,0
191,18,0.8888889,0,0
192,4,0.1777778,6,11
192,5,0.2444444,6,12
192,6,0.4,8,13
192,7,0.5333334,7,8
192,8,0.7111111,5,4
192,9,0.7555556,2,1
192,10,0.8222222,1,0
192,11,0.8444445,1,0
192,12,0.8888889,0,0
192,13,0.8888889,0,0
192,14,0.8888889,0,0
192,15,0.8888889,0,0
192,16,0.8888889,0,0
192,17,0.8888889,0,0
192,18,0.8888889,0,0
193,4,0.1777778,6,11
193,5,0.3111111,8,12
193,6,0.4,9,10
193,7,0.4888889,9,6
193,8,0.6,6,5
193,9,0.6888889,6,2
193,10,0.8,2,0
193,11,0.8222222,2,0
193,12,0.8444445,1,0
193,13,0.8888889,0,0
193,14,0.8888889,0,0
193,15,0.8888889,0,0
193,16,0.8888889,0,0
193,17,0.8888889,0,0
193,18,0.8888889,0,0
194,4,0.1777778,6,11
194,5,0.3333333,9,14
194,6,0.5333334,11,8
194,7,0.6888889,5,3
194,8,0.7555556,5,2
194,9,0.8222222,2,1
194,10,0.8444445,2,0
194,11,0.8444445,2,0
194,12,0.8666667,1,0
194,13,0.8666667,1,0
194,14,0.8888889,0,0
194,15,0.8888889,0,0
194,16,0.8888889,0,0
194,17,0.8888889,0,0
194,18,0.8888889,0,0
195,4,0.1777778,6,11
195,5,0.2444444,8,11
195,6,0.3777778,7,11
195,7,0.5333334,8,6
195,8,0.6444445,7,6
195,9,0.7333333,6,1
195,10,0.8222222,1,0
195,11,0.8222222,1,0
195,12,0.8666667,1,0
195,13,0.8888889,0,0
195,14,0.8888889,0,0
195,15,0.8888889,0,0
195,16,0.8888889,0,0
195,17,0.8888889,0,0
195,18,0.8888889,0,0
196,4,0.1777778,6,11
196,5,0.2222222,7,12
196,6,0.3555556,8,12
196,7,0.4888889,8,9
196,8,0.6888889,7,4
196,9,0.8,1,0
196,10,0.8,1,0
196,11,0.8222222,1,0
196,12,0.8666667,1,0
196,13,0.8888889,0,0
196,14,0.8888889,0,0
196,15,0.8888889,0,0
196,16,0.8888889,0,0
196,17,0.8888889,0,0
196,18,0.8888889,0,0
197,4,0.1777778,6,11
197,5,0.3333333,9,13
197,6,0.5333334,10,9
197,7,0.6666667,5,4
197,8,0.7333333,3,3
197,9,0.8,2,2
197,10,0.8444445,2,0
197,11,0.8888889,0,0
197,12,0.8888889,0,0
197,13,0.8888889,0,0
197,14,0.8888889,0,0
197,15,0.8888889,0,0
197,16,0.8888889,0,0
197,17,0.8888889,0,0
197,18,0.8888889,0,0
198,4,0.1777778,6,11
198,5,0.2666667,7,10
198,6,0.4,8,11
198,7,0.5555556,10,7
198,8,0.6666667,6,4
198,9,0.7333333,3,2
198,10,0.8444445,1,1
198,11,0.8444445,1,1
198,12,0.8666667,1,0
198,13,0.8666667,1,0
198,14,0.8666667,1,0
198,15,0.8666667,1,0
198,16,0.8888889,0,0
198,17,0.8888889,0,0
198,18,0.8888889,0,0
199,4,0.1777778,6,11
199,5,0.2666667,8,12
199,6,0.4444444,10,9
199,7,0.5777778,5,7
199,8,0.7333333,3,3
199,9,0.7555556,3,1
199,10,0.8444445,2,0
199,11,0.8444445,2,0
199,12,0.8444445,2,0
199,13,0.8444445,2,0
199,14,0.8666667,1,0
199,15,0.8666667,1,0
199,16,0.8666667,1,0
199,17,0.8888889,0,0
199,18,0.8888889,0,0
200,4,0.1777778,6,11
200,5,0.2444444,6,10
200,6,0.3333333,6,10
200,7,0.5111111,9,10
200,8,0.6444445,5,5
200,9,0.7333333,5,3
200,10,0.8,1,1
200,11,0.8666667,1,0
200,12,0.8888889,0,0
200,13,0.8888889,0,0
200,14,0.8888889,0,0
200,15,0.8888889,0,0
200,16,0.8888889,0,0
200,17,0.8888889,0,0
200,18,0.8888889,0,0
201,4,0.1777778,6,11
201,5,0.2888889,6,11
201,6,0.4,8,15
201,7,0.5777778,8,8
201,8,0.7777778,2,1
201,9,0.8222222,1,0
201,10,0.8888889,0,0
201,11,0.8888889,0,0
201,12,0.8888889,0,0
201,13,0.8888889,0,0
201,14,0.8888889,0,0
201,15,0.8888889,0,0
201,16,0.8888889,0,0
201,17,0.8888889,0,0
201,18,0.8888889,0,0
202,4,0.1777778,6,11
202,5,0.2888889,6,13
202,6,0.4666667,9,10
202,7,0.6,7,7
202,8,0.7111111,3,2
202,9,0.7555556,2,2
202,10,0.7777778,1,2
202,11,0.8222222,2,0
202,12,0.8222222,2,0
202,13,0.8666667,0,0
202,14,0.8666667,0,0
202,15,0.8666667,0,0
202,16,0.8666667,0,0
202,17,0.8888889,0,0
202,18,0.8888889,0,0
203,4,0.1777778,6,11
203,5,0.3111111,7,14
203,6,0.5555556,9,8
203,7,0.6888889,7,1
203,8,0.8,1,0
203,9,0.8222222,1,0
203,10,0.8666667,0,0
203,11,0.8888889,0,0
203,12,0.8888889,0,0
203,13,0.8888889,0,0
203,14,0.8888889,0,0
203,15,0.8888889,0,0
203,16,0.8888889,0,0
203,17,0.8888889,0,0
203,18,0.8888889,0,0
204,4,0.1777778,6,11
204,5,0.2666667,7,10
204,6,0.4,10,11
204,7,0.6444445,6,6
204,8,0.7333333,3,5
204,9,0.8,2,1
204,10,0.8222222,2,0
204,11,0.8444445,1,0
204,12,0.8444445,1,0
204,13,0.8888889,0,0
204,14,0.8888889,0,0
204,15,0.8888889,0,0
204,16,0.8888889,0,0
204,17,0.8888889,0,0
204,18,0.8888889,0,0
205,4,0.1777778,6,11
205,5,0.3333333,6,14
205,6,0.5111111,7,8
205,7,0.6666667,4,4
205,8,0.7777778,4,2
205,9,0.8444445,2,0
205,10,0.8666667,1,0
205,11,0.8888889,0,0
205,12,0.8888889,0,0
205,13,0.8888889,0,0
205,14,0.8888889,0,0
205,15,0.8888889,0,0
205,16,0.8888889,0,0
205,17,0.8888889,0,0
205,18,0.8888889,0,0
206,4,0.1777778,6,11
206,5,0.3111111,8,10
206,6,0.4444444,6,8
206,7,0.6222222,4,5
206,8,0.7111111,6,4
206,9,0.8444445,1,1
206,10,0.8666667,1,0
206,11,0.8888889,0,0
206,12,0.8888889,0,0
206,13,0.8888889,0,0
206,14,0.8888889,0,0
206,15,0.8888889,0,0
206,16,0.8888889,0,0
206,17,0.8888889,0,0
206,18,0.8888889,0,0
207,4,0.1777778,6,11
207,5,0.2222222,6,10
207,6,0.3111111,6,14
207,7,0.4888889,12,12
207,8,0.6222222,9,5
207,9,0.6888889,6,4
207,10,0.8222222,0,0
207,11,0.8444445,0,0
207,12,0.8444445,0,0
207,13,0.8666667,0,0
207,14,0.8888889,0,0
207,15,0.8888889,0,0
207,16,0.8888889,0,0
207,17,0.8888889,0,0
207,18,0.8888889,0,0
208,4,0.1777778,6,11
208,5,0.2666667,7,12
208,6,0.3777778,6,12
208,7,0.6,5,5
208,8,0.6666667,6,2
208,9,0.7777778,1,3
208,10,0.8222222,1,1
208,11,0.8666667,1,0
208,12,0.8888889,0,0
208,13,0.8888889,0,0
208,14,0.8888889,0,0
208,15,0.8888889,0,0
208,16,0.8888889,0,0
208,17,0.8888889,0,0
208,18,0.8888889,0,0
209,4,0.1777778,6,11
209,5,0.2444444,7,12
209,6,0.3333333,9,10
209,7,0.4444444,7,11
209,8,0.6222222,6,5
209,9,0.7555556,4,1
209,10,0.8,3,0
209,11,0.8444445,2,0
209,12,0.8444445,2,0
209,13,0.8666667,1,0
209,14,0.8666667,1,0
209,15,0.8888889,0,0
209,16,0.8888889,0,0
209,17,0.8888889,0,0
209,18,0.8888889,0,0
210,4,0.1777778,6,11
210,5,0.2888889,7,8
210,6,0.4444444,10,10
210,7,0.5555556,6,7
210,8,0.6222222,3,4
210,9,0.6666667,4,4
210,10,0.7111111,4,2
210,11,0.8,2,0
210,12,0.8,2,0
210,13,0.8222222,1,0
210,14,0.8444445,1,0
210,15,0.8444445,1,0
210,16,0.8666667,1,0
210,17,0.8666667,1,0
210,18,0.8888889,0,0
211,4,0.1777778,6,11
211,5,0.2666667,7,10
211,6,0.3777778,8,13
211,7,0.5333334,9,9
211,8,0.6444445,6,5
211,9,0.7111111,4,3
211,10,0.8222222,1,0
211,11,0.8222222,1,0
211,12,0.8666667,1,0
211,13,0.8888889,0,0
211,14,0.8888889,0,0
211,15,0.8888889,0,0
211,16,0.8888889,0,0
211,17,0.8888889,0,0
211,18,0.8888889,0,0
212,4,0.1777778,6,11
212,5,0.2666667,8,11
212,6,0.5111111,8,9
212,7,0.5777778,6,7
212,8,0.6666667,6,5
212,9,0.8,2,0
212,10,0.8444445,1,0
212,11,0.8888889,0,0
212,12,0.8888889,0,0
212,13,0.8888889,0,0
212,14,0.8888889,0,0
212,15,0.8888889,0,0
212,16,0.8888889,0,0
212,17,0.8888889,0,0
212,18,0.8888889,0,0
213,4,0.1777778,6,11
213,5,0.2222222,7,11
213,6,0.3333333,10,11
213,7,0.4666667,6,11
213,8,0.6444445,7,6
213,9,0.7555556,4,2
213,10,0.8,2,0
213,11,0.8444445,1,0
213,12,0.8888889,0,0
213,13,0.8888889,0,0
213,14,0.8888889,0,0
213,15,0.8888889,0,0
213,16,0.8888889,0,0
213,17,0.8888889,0,0
213,18,0.8888889,0,0
214,4,0.1777778,6,11
214,5,0.2888889,7,13
214,6,0.4444444,9,8
214,7,0.6,4,8
214,8,0.6888889,4,4
214,9,0.7777778,1,2
214,10,0.8222222,2,0
214,11,0.8444445,1,0
214,12,0.8888889,0,0
214,13,0.8888889,0,0
214,14,0.8888889,0,0
214,15,0.8888889,0,0
214,16,0.8888889,0,0
214,17,0.8888889,0,0
214,18,0.8888889,0,0
215,4,0.1777778,6,11
215,5,0.3111111,7,11
215,6,0.4222222,8,11
215,7,0.5777778,9,9
215,8,0.7111111,5,3
215,9,0.7333333,4,3
215,10,0.7777778,4,1
215,11,0.8444445,1,0
215,12,0.8666667,0,0
215,13,0.8888889,0,0
215,14,0.8888889,0,0
215,15,0.8888889,0,0
215,16,0.8888889,0,0
215,17,0.8888889,0,0
215,18,0.8888889,0,0
216,4,0.1777778,6,11
216,5,0.3555556,9,13
216,6,0.5111111,10,7
216,7,0.6,8,7
216,8,0.6666667,4,3
216,9,0.7777778,3,1
216,10,0.8444445,1,0
216,11,0.8666667,0,0
216,12,0.8666667,0,0
216,13,0.8666667,0,0
216,14,0.8666667,0,0
216,15,0.8888889,0,0
216,16,0.8888889,0,0
216,17,0.8888889,0,0
216,18,0.8888889,0,0
217,4,0.1777778,6,11
217,5,0.2666667,7,15
217,6,0.4666667,11,11
217,7,0.6444445,8,2
217,8,0.7777778,3,0
217,9,0.8222222,0,0
217,10,0.8666667,0,0
217,11,0.8666667,0,0
217,12,0.8666667,0,0
217,13,0.8666667,0,0
217,14,0.8666667,0,0
217,15,0.8666667,0,0
217,16,0.8888889,0,0
217,17,0.8888889,0,0
217,18,0.8888889,0,0
218,4,0.1777778,6,11
218,5,0.2888889,7,11
218,6,0.4666667,8,10
218,7,0.6444445,6,5
218,8,0.7555556,2,1
218,9,0.8,2,0
218,10,0.8666667,0,0
218,11,0.8888889,0,0
218,12,0.8888889,0,0
218,13,0.8888889,0,0
218,14,0.8888889,0,0
218,15,0.8888889,0,0
218,16,0.8888889,0,0
218,17,0.8888889,0,0
218,18,0.8888889,0,0
219,4,0.1777778,6,11
219,5,0.3111111,8,13
219,6,0.4888889,10,9
219,7,0.6,5,6
219,8,0.6888889,6,4
219,9,0.7555556,1,2
219,10,0.7777778,2,1
219,11,0.7777778,2,1
219,12,0.8,2,0
219,13,0.8222222,1,0
219,14,0.8444445,1,0
219,15,0.8666667,1,0
219,16,0.8666667,1,0
219,17,0.8666667,1,0
219,18,0.8888889,0,0
220,4,0.1777778,6,11
220,5,0.3333333,8,11
220,6,0.4888889,10,9
220,7,0.7111111,6,0
220,8,0.8444445,2,0
220,9,0.8666667,1,0
220,10,0.8888889,0,0
220,11,0.8888889,0,0
220,12,0.8888889,0,0
220,13,0.8888889,0,0
220,14,0.8888889,0,0
220,15,0.8888889,0,0
220,16,0.8888889,0,0
220,17,0.8888889,0,0
220,18,0.8888889,0,0
221,4,0.1777778,6,11
221,5,0.2888889,8,11
221,6,0.4222222,9,10
221,7,0.4444444,9,9
221,8,0.6,6,8
221,9,0.7111111,4,5
221,10,0.8,2,1
221,11,0.8222222,1,0
221,12,0.8222222,1,0
221,13,0.8444445,0,0
221,14,0.8666667,0,0
221,15,0.8888889,0,0
221,16,0.8888889,0,0
221,17,0.8888889,0,0
221,18,0.8888889,0,0
222,4,0.1777778,6,11
222,5,0.2666667,7,11
222,6,0.3333333,8,16
222,7,0.4666667,10,8
222,8,0.6444445,5,2
222,9,0.8,2,2
222,10,0.8222222,2,0
222,11,0.8888889,0,0
222,12,0.8888889,0,0
222,13,0.8888889,0,0
222,14,0.8888889,0,0
222,15,0.8888889,0,0
222,16,0.8888889,0,0
222,17,0.8888889,0,0
222,18,0.8888889,0,0
223,4,0.1777778,6,11
223,5,0.2444444,5,14
223,6,0.3777778,8,12
223,7,0.4888889,11,9
223,8,0.6,6,6
223,9,0.7555556,3,0
223,10,0.8222222,2,0
223,11,0.8444445,1,0
223,12,0.8666667,0,0
223,13,0.8666667,0,0
223,14,0.8666667,0,0
223,15,0.8666667,0,0
223,16,0.8888889,0,0
223,17,0.8888889,0,0
223,18,0.8888889,0,0
224,4,0.1777778,6,11
224,5,0.3555556,9,13
224,6,0.5333334,10,9
224,7,0.6444445,10,6
224,8,0.7555556,4,3
224,9,0.8,1,1
224,10,0.8222222,1,0
224,11,0.8222222,1,0
224,12,0.8888889,0,0
224,13,0.8888889,0,0
224,14,0.8888889,0,0
224,15,0.8888889,0,0
224,16,0.8888889,0,0
224,17,0.8888889,0,0
224,18,0.8888889,0,0
225,4,0.1777778,6,11
225,5,0.2666667,7,12
225,6,0.3555556,8,10
225,7,0.4222222,9,13
225,8,0.5777778,7,10
225,9,0.6888889,5,5
225,10,0.8,4,2
225,11,0.8666667,1,0
225,12,0.8888889,0,0
225,13,0.8888889,0,0
225,14,0.8888889,0,0
225,15,0.8888889,0,0
225,16,0.8888889,0,0
225,17,0.8888889,0,0
225,18,0.8888889,0,0
226,4,0.1777778,6,11
226,5,0.3111111,10,12
226,6,0.4888889,11,10
226,7,0.5777778,11,7
226,8,0.7333333,6,1
226,9,0.8222222,2,0
226,10,0.8666667,1,0
226,11,0.8666667,1,0
226,12,0.8888889,0,0
226,13,0.8888889,0,0
226,14,0.8888889,0,0
226,15,0.8888889,0,0
226,16,0.8888889,0,0
226,17,0.8888889,0,0
226,18,0.8888889,0,0
227,4,0.1777778,6,11
227,5,0.2444444,5,10
227,6,0.2888889,5,12
227,7,0.4444444,8,12
227,8,0.5777778,9,7
227,9,0.7777778,2,0
227,10,0.8222222,1,0
227,11,0.8222222,1,0
227,12,0.8444445,0,0
227,13,0.8444445,0,0
227,14,0.8444445,0,0
227,15,0.8666667,0,0
227,16,0.8666667,0,0
227,17,0.8666667,0,0
227,18,0.8666667,0,0
228,4,0.1777778,6,11
228,5,0.3111111,8,10
228,6,0.4,9,10
228,7,0.5777778,10,9
228,8,0.7333333,6,0
228,9,0.7777778,3,0
228,10,0.8666667,0,0
228,11,0.8666667,0,0
228,12,0.8666667,0,0
228,13,0.8888889,0,0
228,14,0.8888889,0,0
228,15,0.8888889,0,0
228,16,0.8888889,0,0
228,17,0.8888889,0,0
228,18,0.8888889,0,0
229,4,0.1777778,6,11
229,5,0.2888889,8,13
229,6,0.4888889,9,10
229,7,0.6888889,4,3
229,8,0.7777778,2,1
229,9,0.8222222,1,1
229,10,0.8666667,1,0
229,11,0.8888889,0,0
229,12,0.8888889,0,0
229,13,0.8888889,0,0
229,14,0.8888889,0,0
229,15,0.8888889,0,0
229,16,0.8888889,0,0
229,17,0.8888889,0,0
229,18,0.8888889,0,0
230,4,0.1777778,6,11
230,5,0.2888889,7,11
230,6,0.4888889,9,11
230,7,0.5777778,8,7
230,8,0.6666667,7,4
230,9,0.6888889,6,4
230,10,0.8,0,0
230,11,0.8444445,0,0
230,12,0.8444445,0,0
230,13,0.8444445,0,0
230,14,0.8888889,0,0
230,15,0.8888889,0,0
230,16,0.8888889,0,0
230,17,0.8888889,0,0
230,18,0.8888889,0,0
231,4,0.1777778,6,11
231,5,0.3111111,8,12
231,6,0.4666667,9,9
231,7,0.5777778,7,7
231,8,0.7111111,3,3
231,9,0.7777778,2,0
231,10,0.8,1,0
231,11,0.8444445,0,0
231,12,0.8888889,0,0
231,13,0.8888889,0,0
231,14,0.8888889,0,0
231,15,0.8888889,0,0
231,16,0.8888889,0,0
231,17,0.8888889,0,0
231,18,0.8888889,0,0
232,4,0.1777778,6,11
232,5,0.3777778,8,11
232,6,0.4888889,8,10
232,7,0.6888889,4,3
232,8,0.7555556,2,2
232,9,0.8,2,0
232,10,0.8222222,1,0
232,11,0.8666667,1,0
232,12,0.8666667,1,0
232,13,0.8888889,0,0
232,14,0.8888889,0,0
232,15,0.8888889,0,0
232,16,0.8888889,0,0
232,17,0.8888889,0,0
232,18,0.8888889,0,0
233,4,0.1777778,6,11
233,5,0.2888889,8,10
233,6,0.3555556,7,9
233,7,0.4666667,7,9
233,8,0.6222222,5,7
233,9,0.7333333,3,2
233,10,0.7777778,1,2
233,11,0.8222222,1,2
233,12,0.8444445,1,0
233,13,0.8444445,1,0
233,14,0.8888889,0,0
233,15,0.8888889,0,0
233,16,0.8888889,0,0
233,17,0.8888889,0,0
233,18,0.8888889,0,0
234,4,0.1777778,6,11
234,5,0.2666667,6,12
234,6,0.4222222,9,12
234,7,0.5777778,8,9
234,8,0.6444445,6,6
234,9,0.6888889,4,5
234,10,0.7555556,4,2
234,11,0.8,0,1
234,12,0.8444445,1,0
234,13,0.8666667,0,0
234,14,0.8888889,0,0
234,15,0.8888889,0,0
234,16,0.8888889,0,0
234,17,0.8888889,0,0
234,18,0.8888889,0,0
235,4,0.1777778,6,11
235,5,0.2666667,9,13
235,6,0.4222222,11,8
235,7,0.5555556,6,7
235,8,0.6222222,5,6
235,9,0.6666667,6,4
235,10,0.8,2,0
235,11,0.8,2,0
235,12,0.8,2,0
235,13,0.8666667,0,0
235,14,0.8888889,0,0
235,15,0.8888889,0,0
235,16,0.8888889,0,0
235,17,0.8888889,0,0
235,18,0.8888889,0,0
236,4,0.1777778,6,11
236,5,0.2222222,7,11
236,6,0.3333333,8,13
236,7,0.4444444,9,12
236,8,0.6,9,8
236,9,0.7111111,5,3
236,10,0.7777778,1,1
236,11,0.8222222,1,0
236,12,0.8222222,1,0
236,13,0.8666667,0,0
236,14,0.8666667,0,0
236,15,0.8666667,0,0
236,16,0.8666667,0,0
236,17,0.8888889,0,0
236,18,0.8888889,0,0
237,4,0.1777778,6,11
237,5,0.2888889,7,12
237,6,0.4666667,10,11
237,7,0.6,11,5
237,8,0.7555556,3,0
237,9,0.8222222,3,0
237,10,0.8666667,1,0
237,11,0.8666667,1,0
237,12,0.8888889,0,0
237,13,0.8888889,0,0
237,14,0.8888889,0,0
237,15,0.8888889,0,0
237,16,0.8888889,0,0
237,17,0.8888889,0,0
237,18,0.8888889,0,0
238,4,0.1777778,6,11
238,5,0.3333333,8,10
238,6,0.5111111,9,11
238,7,0.6444445,2,5
238,8,0.7333333,3,3
238,9,0.8,1,1
238,10,0.8444445,1,1
238,11,0.8666667,1,0
238,12,0.8666667,1,0
238,13,0.8888889,0,0
238,14,0.8888889,0,0
238,15,0.8888889,0,0
238,16,0.8888889,0,0
238,17,0.8888889,0,0
238,18,0.8888889,0,0
239,4,0.1777778,6,11
239,5,0.2888889,6,12
239,6,0.4444444,9,11
239,7,0.6222222,7,5
239,8,0.7111111,7,4
239,9,0.7777778,3,2
239,10,0.8222222,1,1
239,11,0.8444445,1,1
239,12,0.8666667,1,0
239,13,0.8666667,1,0
239,14,0.8888889,0,0
239,15,0.8888889,0,0
239,16,0.8888889,0,0
239,17,0.8888889,0,0
239,18,0.8888889,0,0
240,4,0.1777778,6,11
240,5,0.2888889,7,10
240,6,0.4,8,12
240,7,0.5111111,10,9
240,8,0.6444445,3,4
240,9,0.7111111,4,4
240,10,0.8,1,1
240,11,0.8444445,1,0
240,12,0.8888889,0,0
240,13,0.8888889,0,0
240,14,0.8888889,0,0
240,15,0.8888889,0,0
240,16,0.8888889,0,0
240,17,0.8888889,0,0
240,18,0.8888889,0,0
241,4,0.1777778,6,11
241,5,0.3111111,9,12
241,6,0.4666667,9,10
241,7,0.6888889,4,4
241,8,0.8222222,2,0
241,9,0.8666667,0,0
241,10,0.8666667,0,0
241,11,0.8888889,0,0
241,12,0.8888889,0,0
241,13,0.8888889,0,0
241,14,0.8888889,0,0
241,15,0.8888889,0,0
241,16,0.8888889,0,0
241,17,0.8888889,0,0
241,18,0.8888889,0,0
242,4,0.1777778,6,11
242,5,0.3111111,7,11
242,6,0.4666667,8,11
242,7,0.6,9,8
242,8,0.7333333,7,2
242,9,0.8222222,1,1
242,10,0.8444445,1,0
242,11,0.8666667,0,0
242,12,0.8888889,0,0
242,13,0.8888889,0,0
242,14,0.8888889,0,0
242,15,0.8888889,0,0
242,16,0.8888889,0,0
242,17,0.8888889,0,0
242,18,0.8888889,0,0
243,4,0.1777778,6,11
243,5,0.2666667,6,11
243,6,0.3777778,8,10
243,7,0.5555556,4,7
243,8,0.6222222,3,7
243,9,0.7111111,4,3
243,10,0.7777778,1,2
243,11,0.7777778,1,2
243,12,0.8,1,1
243,13,0.8222222,0,1
243,14,0.8222222,0,1
243,15,0.8444445,1,0
243,16,0.8666667,0,0
243,17,0.8666667,0,0
243,18,0.8666667,0,0
244,4,0.1777778,6,11
244,5,0.3111111,8,11
244,6,0.4888889,8,8
244,7,0.6,6,5
244,8,0.6666667,5,3
244,9,0.7777778,1,3
244,10,0.8222222,1,2
244,11,0.8888889,0,0
244,12,0.8888889,0,0
244,13,0.8888889,0,0
244,14,0.8888889,0,0
244,15,0.8888889,0,0
244,16,0.8888889,0,0
244,17,0.8888889,0,0
244,18,0.8888889,0,0
245,4,0.1777778,6,11
245,5,0.3333333,9,12
245,6,0.4666667,8,10
245,7,0.6444445,5,7
245,8,0.7777778,6,1
245,9,0.8666667,1,0
245,10,0.8888889,0,0
245,11,0.8888889,0,0
245,12,0.8888889,0,0
245,13,0.8888889,0,0
245,14,0.8888889,0,0
245,15,0.8888889,0,0
245,16,0.8888889,0,0
245,17,0.8888889,0,0
245,18,0.8888889,0,0
246,4,0.1777778,6,11
246,5,0.2666667,8,11
246,6,0.4666667,10,10
246,7,0.6,4,4
246,8,0.7333333,2,3
246,9,0.7777778,1,3
246,10,0.8,1,2
246,11,0.8666667,2,0
246,12,0.8888889,0,0
246,13,0.8888889,0,0
246,14,0.8888889,0,0
246,15,0.8888889,0,0
246,16,0.8888889,0,0
246,17,0.8888889,0,0
246,18,0.8888889,0,0
247,4,0.1777778,6,11
247,5,0.2666667,8,10
247,6,0.4,8,10
247,7,0.5555556,9,8
247,8,0.6666667,10,4
247,9,0.7555556,2,1
247,10,0.8,1,0
247,11,0.8222222,1,0
247,12,0.8444445,0,0
247,13,0.8666667,0,0
247,14,0.8888889,0,0
247,15,0.8888889,0,0
247,16,0.8888889,0,0
247,17,0.8888889,0,0
247,18,0.8888889,0,0
248,4,0.1777778,6,11
248,5,0.2666667,8,14
248,6,0.4222222,8,13
248,7,0.5333334,10,7
248,8,0.7111111,5,3
248,9,0.7333333,4,2
248,10,0.7777778,3,2
248,11,0.8444445,1,0
248,12,0.8888889,0,0
248,13,0.8888889,0,0
248,14,0.8888889,0,0
248,15,0.8888889,0,0
248,16,0.8888889,0,0
248,17,0.8888889,0,0
248,18,0.8888889,0,0
249,4,0.1777778,6,11
249,5,0.2888889,7,11
249,6,0.4444444,9,9
249,7,0.6,8,7
249,8,0.7777778,4,0
249,9,0.8888889,0,0
249,10,0.8888889,0,0
249,11,0.8888889,0,0
249,12,0.8888889,0,0
249,13,0.8888889,0,0
249,14,0.8888889,0,0
249,15,0.8888889,0,0
249,16,0.8888889,0,0
249,17,0.8888889,0,0
249,18,0.8888889,0,0
250,4,0.1777778,6,11
250,5,0.2888889,6,12
250,6,0.4888889,7,10
250,7,0.6444445,8,3
250,8,0.7333333,5,1
250,9,0.7777778,2,0
250,10,0.8,1,0
250,11,0.8666667,0,0
250,12,0.8888889,0,0
250,13,0.8888889,0,0
250,14,0.8888889,0,0
250,15,0.8888889,0,0
250,16,0.8888889,0,0
250,17,0.8888889,0,0
250,18,0.8888889,0,0
251,4,0.1777778,6,11
251,5,0.3333333,9,14
251,6,0.4666667,11,11
251,7,0.6444445,6,4
251,8,0.7555556,4,0
251,9,0.8222222,3,0
251,10,0.8222222,3,0
251,11,0.8666667,1,0
251,12,0.8666667,1,0
251,13,0.8888889,0,0
251,14,0.8888889,0,0
251,15,0.8888889,0,0
251,16,0.8888889,0,0
251,17,0.8888889,0,0
251,18,0.8888889,0,0
252,4,0.1777778,6,11
252,5,0.2444444,6,12
252,6,0.3555556,8,11
252,7,0.4888889,10,9
252,8,0.6,7,6
252,9,0.6444445,8,4
252,10,0.7555556,2,1
252,11,0.8222222,1,0
252,12,0.8888889,0,0
252,13,0.8888889,0,0
252,14,0.8888889,0,0
252,15,0.8888889,0,0
252,16,0.8888889,0,0
252,17,0.8888889,0,0
252,18,0.8888889,0,0
253,4,0.1777778,6,11
253,5,0.2666667,7,10
253,6,0.3555556,8,11
253,7,0.5333334,11,10
253,8,0.6888889,5,2
253,9,0.8222222,2,0
253,10,0.8666667,0,0
253,11,0.8666667,0,0
253,12,0.8666667,0,0
253,13,0.8666667,0,0
253,14,0.8888889,0,0
253,15,0.8888889,0,0
253,16,0.8888889,0,0
253,17,0.8888889,0,0
253,18,0.8888889,0,0
254,4,0.1777778,6,11
254,5,0.2444444,6,9
254,6,0.3555556,6,13
254,7,0.5333334,8,8
254,8,0.6888889,7,3
254,9,0.7555556,1,3
254,10,0.8222222,2,0
254,11,0.8444445,1,0
254,12,0.8444445,1,0
254,13,0.8444445,1,0
254,14,0.8666667,0,0
254,15,0.8888889,0,0
254,16,0.8888889,0,0
254,17,0.8888889,0,0
254,18,0.8888889,0,0
255,4,0.1777778,6,11
255,5,0.2888889,7,13
255,6,0.4222222,7,12
255,7,0.6,5,6
255,8,0.6888889,5,3
255,9,0.8,1,1
255,10,0.8444445,1,0
255,11,0.8444445,1,0
255,12,0.8888889,0,0
255,13,0.8888889,0,0
255,14,0.8888889,0,0
255,15,0.8888889,0,0
255,16,0.8888889,0,0
255,17,0.8888889,0,0
255,18,0.8888889,0,0
256,4,0.1777778,6,11
256,5,0.2888889,8,13
256,6,0.4444444,8,11
256,7,0.5777778,7,6
256,8,0.7111111,2,3
256,9,0.8222222,1,0
256,10,0.8222222,1,0
256,11,0.8444445,0,0
256,12,0.8666667,0,0
256,13,0.8888889,0,0
256,14,0.8888889,0,0
256,15,0.8888889,0,0
256,16,0.8888889,0,0
256,17,0.8888889,0,0
256,18,0.8888889,0,0
257,4,0.1777778,6,11
257,5,0.3555556,8,14
257,6,0.4666667,9,11
257,7,0.6222222,9,4
257,8,0.7333333,3,2
257,9,0.8,2,0
257,10,0.8222222,1,0
257,11,0.8444445,0,0
257,12,0.8666667,0,0
257,13,0.8888889,0,0
257,14,0.8888889,0,0
257,15,0.8888889,0,0
257,16,0.8888889,0,0
257,17,0.8888889,0,0
257,18,0.8888889,0,0
258,4,0.1777778,6,11
258,5,0.3333333,8,14
258,6,0.5333334,11,9
258,7,0.7111111,5,4
258,8,0.7777778,3,1
258,9,0.8444445,1,0
258,10,0.8666667,0,0
258,11,0.8888889,0,0
258,12,0.8888889,0,0
258,13,0.8888889,0,0
258,14,0.8888889,0,0
258,15,0.8888889,0,0
258,16,0.8888889,0,0
258,17,0.8888889,0,0
258,18,0.8888889,0,0
259,4,0.1777778,6,11
259,5,0.3111111,9,11
259,6,0.4444444,10,10
259,7,0.6222222,7,6
259,8,0.7555556,2,2
259,9,0.8,0,1
259,10,0.8,0,1
259,11,0.8,0,1
259,12,0.8,0,1
259,13,0.8,0,1
259,14,0.8222222,0,1
259,15,0.8444445,1,0
259,16,0.8666667,0,0
259,17,0.8888889,0,0
259,18,0.8888889,0,0
260,4,0.1777778,6,11
260,5,0.2222222,7,11
260,6,0.4222222,10,11
260,7,0.6222222,7,7
260,8,0.7111111,5,5
260,9,0.8222222,1,1
260,10,0.8444445,1,0
260,11,0.8666667,1,0
260,12,0.8888889,0,0
260,13,0.8888889,0,0
260,14,0.8888889,0,0
260,15,0.8888889,0,0
260,16,0.8888889,0,0
260,17,0.8888889,0,0
260,18,0.8888889,0,0
261,4,0.1777778,6,11
261,5,0.2888889,8,11
261,6,0.4666667,9,9
261,7,0.5777778,7,6
261,8,0.6888889,3,3
261,9,0.7777778,4,2
261,10,0.8222222,1,0
261,11,0.8666667,1,0
261,12,0.8666667,1,0
261,13,0.8666667,1,0
261,14,0.8666667,1,0
261,15,0.8888889,0,0
261,16,0.8888889,0,0
261,17,0.8888889,0,0
261,18,0.8888889,0,0
262,4,0.1777778,6,11
262,5,0.2666667,7,10
262,6,0.3111111,7,12
262,7,0.4666667,7,8
262,8,0.6222222,4,5
262,9,0.7111111,4,3
262,10,0.7777778,2,1
262,11,0.8222222,1,1
262,12,0.8444445,1,1
262,13,0.8666667,1,0
262,14,0.8666667,1,0
262,15,0.8888889,0,0
262,16,0.8888889,0,0
262,17,0.8888889,0,0
262,18,0.8888889,0,0
263,4,0.1777778,6,11
263,5,0.2888889,7,14
263,6,0.5111111,11,8
263,7,0.6444445,10,4
263,8,0.7777778,1,1
263,9,0.8,1,1
263,10,0.8666667,1,0
263,11,0.8888889,0,0
263,12,0.8888889,0,0
263,13,0.8888889,0,0
263,14,0.8888889,0,0
263,15,0.8888889,0,0
263,16,0.8888889,0,0
263,17,0.8888889,0,0
263,18,0.8888889,0,0
264,4,0.1777778,6,11
264,5,0.2666667,8,10
264,6,0.4,8,12
264,7,0.5555556,3,5
264,8,0.6444445,3,4
264,9,0.7111111,4,2
264,10,0.7777778,2,2
264,11,0.8222222,2,2
264,12,0.8666667,1,0
264,13,0.8666667,1,0
264,14,0.8888889,0,0
264,15,0.8888889,0,0
264,16,0.8888889,0,0
264,17,0.8888889,0,0
264,18,0.8888889,0,0
265,4,0.1777778,6,11
265,5,0.3111111,6,12
265,6,0.4222222,7,13
265,7,0.5555556,8,10
265,8,0.7111111,5,1
265,9,0.7555556,2,1
265,10,0.8,2,0
265,11,0.8444445,0,0
265,12,0.8666667,0,0
265,13,0.8666667,0,0
265,14,0.8888889,0,0
265,15,0.8888889,0,0
265,16,0.8888889,0,0
265,17,0.8888889,0,0
265,18,0.8888889,0,0
266,4,0.1777778,6,11
266,5,0.2222222,6,10
266,6,0.3111111,8,12
266,7,0.4444444,7,8
266,8,0.5555556,5,7
266,9,0.6666667,5,3
266,10,0.7333333,2,2
266,11,0.7777778,2,0
266,12,0.8222222,1,0
266,13,0.8888889,0,0
266,14,0.8888889,0,0
266,15,0.8888889,0,0
266,16,0.8888889,0,0
266,17,0.8888889,0,0
266,18,0.8888889,0,0
267,4,0.1777778,6,11
267,5,0.3111111,6,13
267,6,0.4888889,9,10
267,7,0.6222222,6,4
267,8,0.7333333,3,3
267,9,0.8,2,0
267,10,0.8,2,0
267,11,0.8444445,0,0
267,12,0.8888889,0,0
267,13,0.8888889,0,0
267,14,0.8888889,0,0
267,15,0.8888889,0,0
267,16,0.8888889,0,0
267,17,0.8888889,0,0
267,18,0.8888889,0,0
268,4,0.1777778,6,11
268,5,0.3111111,7,13
268,6,0.4666667,9,11
268,7,0.6222222,4,5
268,8,0.7111111,4,3
268,9,0.7555556,2,3
268,10,0.7777778,1,2
268,11,0.8222222,2,0
268,12,0.8666667,0,0
268,13,0.8888889,0,0
268,14,0.8888889,0,0
268,15,0.8888889,0,0
268,16,0.8888889,0,0
268,17,0.8888889,0,0
268,18,0.8888889,0,0
269,4,0.1777778,6,11
269,5,0.2,7,10
269,6,0.3111111,7,13
269,7,0.5777778,9,8
269,8,0.7777778,3,0
269,9,0.8444445,0,0
269,10,0.8888889,0,0
269,11,0.8888889,0,0
269,12,0.8888889,0,0
269,13,0.8888889,0,0
269,14,0.8888889,0,0
269,15,0.8888889,0,0
269,16,0.8888889,0,0
269,17,0.8888889,0,0
269,18,0.8888889,0,0
270,4,0.1777778,6,11
270,5,0.3333333,8,14
270,6,0.4666667,8,12
270,7,0.6888889,3,2
270,8,0.8222222,1,0
270,9,0.8444445,1,0
270,10,0.8444445,1,0
270,11,0.8666667,0,0
270,12,0.8666667,0,0
270,13,0.8888889,0,0
270,14,0.8888889,0,0
270,15,0.8888889,0,0
270,16,0.8888889,0,0
270,17,0.8888889,0,0
270,18,0.8888889,0,0
271,4,0.1777778,6,11
271,5,0.3777778,7,12
271,6,0.4888889,8,10
271,7,0.6222222,9,7
271,8,0.6666667,6,3
271,9,0.8,2,0
271,10,0.8,2,0
271,11,0.8222222,2,0
271,12,0.8666667,0,0
271,13,0.8888889,0,0
271,14,0.8888889,0,0
271,15,0.8888889,0,0
271,16,0.8888889,0,0
271,17,0.8888889,0,0
271,18,0.8888889,0,0
272,4,0.1777778,6,11
272,5,0.3555556,9,11
272,6,0.5111111,10,9
272,7,0.6444445,10,4
272,8,0.7333333,5,0
272,9,0.8222222,0,0
272,10,0.8222222,0,0
272,11,0.8666667,0,0
272,12,0.8888889,0,0
272,13,0.8888889,0,0
272,14,0.8888889,0,0
272,15,0.8888889,0,0
272,16,0.8888889,0,0
272,17,0.8888889,0,0
272,18,0.8888889,0,0
273,4,0.1777778,6,11
273,5,0.2888889,6,14
273,6,0.4222222,8,11
273,7,0.5777778,10,8
273,8,0.6444445,8,5
273,9,0.7555556,2,2
273,10,0.8222222,2,0
273,11,0.8222222,2,0
273,12,0.8444445,1,0
273,13,0.8888889,0,0
273,14,0.8888889,0,0
273,15,0.8888889,0,0
273,16,0.8888889,0,0
273,17,0.8888889,0,0
273,18,0.8888889,0,0
274,4,0.1777778,6,11
274,5,0.2444444,7,11
274,6,0.4,7,11
274,7,0.6888889,4,3
274,8,0.7555556,3,3
274,9,0.8222222,2,1
274,10,0.8222222,2,1
274,11,0.8666667,1,0
274,12,0.8666667,1,0
274,13,0.8888889,0,0
274,14,0.8888889,0,0
274,15,0.8888889,0,0
274,16,0.8888889,0,0
274,17,0.8888889,0,0
274,18,0.8888889,0,0
275,4,0.1777778,6,11
275,5,0.2888889,7,13
275,6,0.4222222,9,10
275,7,0.6666667,4,6
275,8,0.7333333,2,3
275,9,0.8666667,1,0
275,10,0.8888889,0,0
275,11,0.8888889,0,0
275,12,0.8888889,0,0
275,13,0.8888889,0,0
275,14,0.8888889,0,0
275,15,0.8888889,0,0
275,16,0.8888889,0,0
275,17,0.8888889,0,0
275,18,0.8888889,0,0
276,4,0.1777778,6,11
276,5,0.2888889,7,12
276,6,0.4,8,11
276,7,0.5333334,8,10
276,8,0.6,4,7
276,9,0.7333333,1,4
276,10,0.7555556,2,3
276,11,0.8,2,1
276,12,0.8222222,2,0
276,13,0.8666667,1,0
276,14,0.8666667,1,0
276,15,0.8888889,0,0
276,16,0.8888889,0,0
276,17,0.8888889,0,0
276,18,0.8888889,0,0
277,4,0.1777778,6,11
277,5,0.2666667,8,12
277,6,0.4222222,6,12
277,7,0.5555556,6,7
277,8,0.6444445,4,5
277,9,0.7333333,3,3
277,10,0.8,2,3
277,11,0.8444445,1,0
277,12,0.8666667,1,0
277,13,0.8666667,1,0
277,14,0.8666667,1,0
277,15,0.8666667,1,0
277,16,0.8888889,0,0
277,17,0.8888889,0,0
277,18,0.8888889,0,0
278,4,0.1777778,6,11
278,5,0.3111111,9,11
278,6,0.5333334,10,9
278,7,0.6888889,5,4
278,8,0.8,1,0
278,9,0.8666667,0,0
278,10,0.8888889,0,0
278,11,0.8888889,0,0
278,12,0.8888889,0,0
278,13,0.8888889,0,0
278,14,0.8888889,0,0
278,15,0.8888889,0,0
278,16,0.8888889,0,0
278,17,0.8888889,0,0
278,18,0.8888889,0,0
279,4,0.1777778,6,11
279,5,0.2666667,6,10
279,6,0.4,9,11
279,7,0.5333334,11,7
279,8,0.7777778,2,2
279,9,0.8,1,1
279,10,0.8222222,1,0
279,11,0.8444445,0,0
279,12,0.8666667,0,0
279,13,0.8666667,0,0
279,14,0.8666667,0,0
279,15,0.8666667,0,0
279,16,0.8666667,0,0
279,17,0.8666667,0,0
279,18,0.8888889,0,0
280,4,0.1777778,6,11
280,5,0.3333333,9,13
280,6,0.4888889,10,10
280,7,0.5777778,8,8
280,8,0.6888889,5,4
280,9,0.7777778,3,2
280,10,0.8666667,0,0
280,11,0.8888889,0,0
280,12,0.8888889,0,0
280,13,0.8888889,0,0
280,14,0.8888889,0,0
280,15,0.8888889,0,0
280,16,0.8888889,0,0
280,17,0.8888889,0,0
280,18,0.8888889,0,0
281,4,0.1777778,6,11
281,5,0.3333333,6,10
281,6,0.4,8,12
281,7,0.5777778,5,8
281,8,0.7111111,3,2
281,9,0.8,1,0
281,10,0.8444445,1,0
281,11,0.8666667,0,0
281,12,0.8666667,0,0
281,13,0.8888889,0,0
281,14,0.8888889,0,0
281,15,0.8888889,0,0
281,16,0.8888889,0,0
281,17,0.8888889,0,0
281,18,0.8888889,0,0
282,4,0.1777778,6,11
282,5,0.2888889,8,14
282,6,0.4222222,11,12
282,7,0.6444445,5,6
282,8,0.6888889,6,5
282,9,0.7333333,3,4
282,10,0.7777778,2,2
282,11,0.8444445,1,1
282,12,0.8666667,1,0
282,13,0.8888889,0,0
282,14,0.8888889,0,0
282,15,0.8888889,0,0
282,16,0.8888889,0,0
282,17,0.8888889,0,0
282,18,0.8888889,0,0
283,4,0.1777778,6,11
283,5,0.2666667,6,12
283,6,0.4444444,8,12
283,7,0.5777778,6,8
283,8,0.7111111,4,2
283,9,0.8,1,0
283,10,0.8444445,1,0
283,11,0.8666667,0,0
283,12,0.8666667,0,0
283,13,0.8888889,0,0
283,14,0.8888889,0,0
283,15,0.8888889,0,0
283,16,0.8888889,0,0
283,17,0.8888889,0,0
283,18,0.8888889,0,0
284,4,0.1777778,6,11
284,5,0.2444444,8,11
284,6,0.3555556,6,9
284,7,0.4444444,7,10
284,8,0.6,5,9
284,9,0.6888889,5,4
284,10,0.7777778,2,0
284,11,0.8444445,1,0
284,12,0.8444445,1,0
284,13,0.8888889,0,0
284,14,0.8888889,0,0
284,15,0.8888889,0,0
284,16,0.8888889,0,0
284,17,0.8888889,0,0
284,18,0.8888889,0,0
285,4,0.1777778,6,11
285,5,0.2666667,6,13
285,6,0.4222222,7,9
285,7,0.5333334,7,7
285,8,0.6,4,6
285,9,0.6888889,4,2
285,10,0.7333333,4,2
285,11,0.7555556,3,2
285,12,0.8222222,1,0
285,13,0.8666667,0,0
285,14,0.8888889,0,0
285,15,0.8888889,0,0
285,16,0.8888889,0,0
285,17,0.8888889,0,0
285,18,0.8888889,0,0
286,4,0.1777778,6,11
286,5,0.2,6,10
286,6,0.3333333,8,12
286,7,0.4444444,8,11
286,8,0.6,8,7
286,9,0.7777778,2,2
286,10,0.8222222,2,0
286,11,0.8666667,1,0
286,12,0.8888889,0,0
286,13,0.8888889,0,0
286,14,0.8888889,0,0
286,15,0.8888889,0,0
286,16,0.8888889,0,0
286,17,0.8888889,0,0
286,18,0.8888889,0,0
287,4,0.1777778,6,11
287,5,0.2666667,8,10
287,6,0.4888889,8,7
287,7,0.7111111,2,2
287,8,0.8,2,2
287,9,0.8444445,1,1
287,10,0.8666667,1,0
287,11,0.8888889,0,0
287,12,0.8888889,0,0
287,13,0.8888889,0,0
287,14,0.8888889,0,0
287,15,0.8888889,0,0
287,16,0.8888889,0,0
287,17,0.8888889,0,0
287,18,0.8888889,0,0
288,4,0.1777778,6,11
288,5,0.2666667,8,13
288,6,0.4222222,8,10
288,7,0.5555556,7,10
288,8,0.7111111,5,4
288,9,0.8222222,1,0
288,10,0.8222222,1,0
288,11,0.8888889,0,0
288,12,0.8888889,0,0
288,13,0.8888889,0,0
288,14,0.8888889,0,0
288,15,0.8888889,0,0
288,16,0.8888889,0,0
288,17,0.8888889,0,0
288,18,0.8888889,0,0
289,4,0.1777778,6,11
289,5,0.2444444,9,13
289,6,0.4222222,8,13
289,7,0.5111111,9,10
289,8,0.6444445,6,5
289,9,0.7555556,3,1
289,10,0.8222222,1,1
289,11,0.8444445,1,0
289,12,0.8666667,0,0
289,13,0.8666667,0,0
289,14,0.8666667,0,0
289,15,0.8666667,0,0
289,16,0.8666667,0,0
289,17,0.8888889,0,0
289,18,0.8888889,0,0
290,4,0.1777778,6,11
290,5,0.2222222,7,10
290,6,0.2888889,8,13
290,7,0.4888889,9,11
290,8,0.6222222,6,8
290,9,0.7333333,2,3
290,10,0.8222222,2,0
290,11,0.8222222,2,0
290,12,0.8222222,2,0
290,13,0.8666667,0,0
290,14,0.8888889,0,0
290,15,0.8888889,0,0
290,16,0.8888889,0,0
290,17,0.8888889,0,0
290,18,0.8888889,0,0
291,4,0.1777778,6,11
291,5,0.3111111,6,12
291,6,0.5111111,12,9
291,7,0.7555556,2,1
291,8,0.8,1,1
291,9,0.8444445,1,0
291,10,0.8666667,0,0
291,11,0.8666667,0,0
291,12,0.8666667,0,0
291,13,0.8888889,0,0
291,14,0.8888889,0,0
291,15,0.8888889,0,0
291,16,0.8888889,0,0
291,17,0.8888889,0,0
291,18,0.8888889,0,0
292,4,0.1777778,6,11
292,5,0.2888889,9,11
292,6,0.4,8,11
292,7,0.5555556,7,11
292,8,0.7111111,6,6
292,9,0.7777778,1,3
292,10,0.8,2,2
292,11,0.8222222,1,1
292,12,0.8222222,1,1
292,13,0.8666667,1,0
292,14,0.8666667,1,0
292,15,0.8666667,1,0
292,16,0.8666667,1,0
292,17,0.8666667,1,0
292,18,0.8666667,1,0
293,4,0.1777778,6,11
293,5,0.2888889,8,8
293,6,0.4444444,8,11
293,7,0.6,5,4
293,8,0.6666667,2,3
293,9,0.7333333,3,2
293,10,0.7777778,3,2
293,11,0.8222222,1,1
293,12,0.8444445,1,0
293,13,0.8444445,1,0
293,14,0.8666667,1,0
293,15,0.8666667,1,0
293,16,0.8666667,1,0
293,17,0.8888889,0,0
293,18,0.8888889,0,0
294,4,0.1777778,6,11
294,5,0.2444444,8,15
294,6,0.3777778,9,12
294,7,0.5333334,9,9
294,8,0.6666667,6,3
294,9,0.7555556,3,0
294,10,0.8222222,2,0
294,11,0.8444445,1,0
294,12,0.8666667,0,0
294,13,0.8666667,0,0
294,14,0.8888889,0,0
294,15,0.8888889,0,0
294,16,0.8888889,0,0
294,17,0.8888889,0,0
294,18,0.8888889,0,0
295,4,0.1777778,6,11
295,5,0.2888889,8,11
295,6,0.4444444,10,11
295,7,0.5555556,9,7
295,8,0.7333333,4,2
295,9,0.8444445,0,0
295,10,0.8888889,0,0
295,11,0.8888889,0,0
295,12,0.8888889,0,0
295,13,0.8888889,0,0
295,14,0.8888889,0,0
295,15,0.8888889,0,0
295,16,0.8888889,0,0
295,17,0.8888889,0,0
295,18,0.8888889,0,0
296,4,0.1777778,6,11
296,5,0.2888889,9,10
296,6,0.4,9,12
296,7,0.5777778,10,8
296,8,0.7111111,3,3
296,9,0.7555556,2,1
296,10,0.8222222,1,0
296,11,0.8222222,1,0
296,12,0.8222222,1,0
296,13,0.8444445,1,0
296,14,0.8666667,0,0
296,15,0.8888889,0,0
296,16,0.8888889,0,0
296,17,0.8888889,0,0
296,18,0.8888889,0,0
297,4,0.1777778,6,11
297,5,0.2888889,8,11
297,6,0.4444444,7,11
297,7,0.6444445,8,5
297,8,0.7111111,4,3
297,9,0.7333333,3,3
297,10,0.7555556,4,2
297,11,0.8222222,1,1
297,12,0.8222222,1,1
297,13,0.8444445,1,0
297,14,0.8444445,1,0
297,15,0.8666667,1,0
297,16,0.8666667,1,0
297,17,0.8666667,1,0
297,18,0.8888889,0,0
298,4,0.1777778,6,11
298,5,0.2888889,6,11
298,6,0.4,9,13
298,7,0.5111111,9,10
298,8,0.6,9,6
298,9,0.6666667,6,4
298,10,0.8,2,0
298,11,0.8444445,0,0
298,12,0.8666667,0,0
298,13,0.8666667,0,0
298,14,0.8888889,0,0
298,15,0.8888889,0,0
298,16,0.8888889,0,0
298,17,0.8888889,0,0
298,18,0.8888889,0,0
299,4,0.1777778,6,11
299,5,0.2666667,8,14
299,6,0.4666667,9,12
299,7,0.6444445,6,5
299,8,0.7333333,5,1
299,9,0.8,2,0
299,10,0.8222222,1,0
299,11,0.8444445,1,0
299,12,0.8888889,0,0
299,13,0.8888889,0,0
299,14,0.8888889,0,0
299,15,0.8888889,0,0
299,16,0.8888889,0,0
299,17,0.8888889,0,0
299,18,0.8888889,0,0
