simulation, day, sickPercentage, border_red_cnt, border_green_cnt, total_nodecnt=45,Psick= 0.5,Edgecnt= 60
0,3,0.06666667,2,2
0,4,0.08888889,2,5
0,5,0.1555556,4,6
0,6,0.2222222,2,5
0,7,0.2888889,4,8
0,8,0.3777778,5,9
0,9,0.5333334,6,7
0,10,0.5777778,5,7
0,11,0.7555556,7,2
0,12,0.8,5,0
0,13,0.8666667,0,0
0,14,0.8888889,0,0
0,15,0.8888889,0,0
0,16,0.8888889,0,0
0,17,0.8888889,0,0
0,18,0.8888889,0,0
1,3,0.06666667,2,2
1,4,0.1111111,2,5
1,5,0.1333333,3,5
1,6,0.2222222,3,4
1,7,0.2444444,3,5
1,8,0.2666667,3,5
1,9,0.3555556,5,10
1,10,0.4444444,5,10
1,11,0.5111111,5,8
1,12,0.6444445,5,5
1,13,0.6666667,4,5
1,14,0.7111111,2,5
1,15,0.7555556,4,3
1,16,0.8444445,3,0
1,17,0.8888889,0,0
1,18,0.8888889,0,0
2,3,0.06666667,2,2
2,4,0.08888889,2,3
2,5,0.1111111,3,4
2,6,0.1777778,4,11
2,7,0.3111111,8,11
2,8,0.5333334,11,9
2,9,0.6222222,8,8
2,10,0.8,5,0
2,11,0.8444445,2,0
2,12,0.8666667,0,0
2,13,0.8888889,0,0
2,14,0.8888889,0,0
2,15,0.8888889,0,0
2,16,0.8888889,0,0
2,17,0.8888889,0,0
2,18,0.8888889,0,0
3,3,0.06666667,2,2
3,4,0.08888889,2,5
3,5,0.2,4,4
3,6,0.2444444,4,8
3,7,0.3111111,6,11
3,8,0.4666667,6,9
3,9,0.5777778,5,7
3,10,0.7111111,5,4
3,11,0.7777778,3,3
3,12,0.7777778,3,3
3,13,0.8666667,2,0
3,14,0.8666667,2,0
3,15,0.8888889,0,0
3,16,0.8888889,0,0
3,17,0.8888889,0,0
3,18,0.8888889,0,0
4,3,0.06666667,2,2
4,4,0.08888889,2,5
4,5,0.1333333,4,5
4,6,0.1555556,5,10
4,7,0.2444444,8,13
4,8,0.4888889,9,9
4,9,0.6222222,6,8
4,10,0.7111111,5,4
4,11,0.8222222,2,3
4,12,0.8888889,0,0
4,13,0.8888889,0,0
4,14,0.8888889,0,0
4,15,0.8888889,0,0
4,16,0.8888889,0,0
4,17,0.8888889,0,0
4,18,0.8888889,0,0
5,3,0.06666667,2,2
5,4,0.08888889,2,5
5,5,0.1333333,3,5
5,6,0.1777778,4,10
5,7,0.2888889,7,11
5,8,0.4,7,10
5,9,0.5333334,8,9
5,10,0.6444445,6,6
5,11,0.7333333,5,5
5,12,0.8666667,2,0
5,13,0.8888889,0,0
5,14,0.8888889,0,0
5,15,0.8888889,0,0
5,16,0.8888889,0,0
5,17,0.8888889,0,0
5,18,0.8888889,0,0
6,3,0.06666667,2,2
6,4,0.08888889,2,5
6,5,0.1333333,4,5
6,6,0.1555556,4,4
6,7,0.2222222,2,8
6,8,0.2888889,4,7
6,9,0.3777778,7,11
6,10,0.4888889,9,13
6,11,0.6666667,7,4
6,12,0.7777778,4,2
6,13,0.8444445,2,2
6,14,0.8888889,0,0
6,15,0.8888889,0,0
6,16,0.8888889,0,0
6,17,0.8888889,0,0
6,18,0.8888889,0,0
7,3,0.06666667,2,2
7,4,0.1111111,2,5
7,5,0.1333333,3,6
7,6,0.2,5,7
7,7,0.2666667,5,12
7,8,0.4222222,8,7
7,9,0.6222222,6,6
7,10,0.7111111,5,3
7,11,0.8,3,0
7,12,0.8888889,0,0
7,13,0.8888889,0,0
7,14,0.8888889,0,0
7,15,0.8888889,0,0
7,16,0.8888889,0,0
7,17,0.8888889,0,0
7,18,0.8888889,0,0
8,3,0.06666667,2,2
8,4,0.06666667,2,2
8,5,0.08888889,2,5
8,6,0.1555556,4,5
8,7,0.2,5,9
8,8,0.2888889,5,10
8,9,0.4,8,11
8,10,0.6,7,8
8,11,0.7333333,7,2
8,12,0.8222222,2,2
8,13,0.8444445,1,0
8,14,0.8888889,0,0
8,15,0.8888889,0,0
8,16,0.8888889,0,0
8,17,0.8888889,0,0
8,18,0.8888889,0,0
9,3,0.06666667,2,2
9,4,0.1111111,2,5
9,5,0.2,4,4
9,6,0.2666667,3,5
9,7,0.3111111,4,10
9,8,0.4222222,7,9
9,9,0.6222222,8,8
9,10,0.7777778,5,0
9,11,0.8444445,1,0
9,12,0.8444445,1,0
9,13,0.8888889,0,0
9,14,0.8888889,0,0
9,15,0.8888889,0,0
9,16,0.8888889,0,0
9,17,0.8888889,0,0
9,18,0.8888889,0,0
10,3,0.06666667,2,2
10,4,0.08888889,2,5
10,5,0.1333333,3,6
10,6,0.2444444,6,7
10,7,0.4,5,7
10,8,0.5777778,8,7
10,9,0.7111111,6,6
10,10,0.7555556,6,5
10,11,0.8666667,0,0
10,12,0.8888889,0,0
10,13,0.8888889,0,0
10,14,0.8888889,0,0
10,15,0.8888889,0,0
10,16,0.8888889,0,0
10,17,0.8888889,0,0
10,18,0.8888889,0,0
11,3,0.06666667,2,2
11,4,0.08888889,2,3
11,5,0.1333333,3,6
11,6,0.1777778,4,7
11,7,0.2666667,6,6
11,8,0.3333333,4,11
11,9,0.5111111,6,10
11,10,0.6666667,6,5
11,11,0.6888889,3,5
11,12,0.7333333,4,4
11,13,0.8222222,4,0
11,14,0.8444445,3,0
11,15,0.8666667,1,0
11,16,0.8666667,1,0
11,17,0.8666667,1,0
11,18,0.8888889,0,0
12,3,0.06666667,2,2
12,4,0.1111111,2,5
12,5,0.1777778,3,6
12,6,0.2666667,3,8
12,7,0.3333333,5,9
12,8,0.5111111,7,8
12,9,0.6666667,5,6
12,10,0.7777778,3,4
12,11,0.8222222,3,2
12,12,0.8444445,2,0
12,13,0.8666667,0,0
12,14,0.8888889,0,0
12,15,0.8888889,0,0
12,16,0.8888889,0,0
12,17,0.8888889,0,0
12,18,0.8888889,0,0
13,3,0.06666667,2,2
13,4,0.06666667,2,2
13,5,0.08888889,2,5
13,6,0.1555556,4,6
13,7,0.2666667,5,5
13,8,0.3555556,5,10
13,9,0.4222222,7,7
13,10,0.5333334,5,7
13,11,0.6222222,6,7
13,12,0.7333333,5,4
13,13,0.8,4,0
13,14,0.8444445,1,0
13,15,0.8444445,1,0
13,16,0.8888889,0,0
13,17,0.8888889,0,0
13,18,0.8888889,0,0
14,3,0.06666667,2,2
14,4,0.08888889,2,3
14,5,0.1333333,3,6
14,6,0.2,4,10
14,7,0.4,6,10
14,8,0.4666667,5,11
14,9,0.5777778,5,8
14,10,0.7333333,8,3
14,11,0.8444445,3,0
14,12,0.8666667,0,0
14,13,0.8888889,0,0
14,14,0.8888889,0,0
14,15,0.8888889,0,0
14,16,0.8888889,0,0
14,17,0.8888889,0,0
14,18,0.8888889,0,0
15,3,0.06666667,2,2
15,4,0.1111111,2,5
15,5,0.1777778,4,3
15,6,0.2444444,3,8
15,7,0.2888889,4,9
15,8,0.4222222,7,10
15,9,0.5777778,6,8
15,10,0.7111111,6,5
15,11,0.8,4,2
15,12,0.8666667,0,0
15,13,0.8888889,0,0
15,14,0.8888889,0,0
15,15,0.8888889,0,0
15,16,0.8888889,0,0
15,17,0.8888889,0,0
15,18,0.8888889,0,0
16,3,0.06666667,2,2
16,4,0.06666667,2,2
16,5,0.1111111,2,5
16,6,0.1555556,4,7
16,7,0.2444444,7,11
16,8,0.4444444,6,7
16,9,0.6222222,5,6
16,10,0.6888889,5,6
16,11,0.8,4,0
16,12,0.8222222,2,0
16,13,0.8666667,0,0
16,14,0.8888889,0,0
16,15,0.8888889,0,0
16,16,0.8888889,0,0
16,17,0.8888889,0,0
16,18,0.8888889,0,0
17,3,0.06666667,2,2
17,4,0.08888889,2,5
17,5,0.1555556,4,6
17,6,0.2,5,8
17,7,0.3333333,6,8
17,8,0.3777778,7,7
17,9,0.4888889,7,7
17,10,0.6222222,7,8
17,11,0.7333333,8,4
17,12,0.8222222,2,2
17,13,0.8444445,2,0
17,14,0.8666667,0,0
17,15,0.8888889,0,0
17,16,0.8888889,0,0
17,17,0.8888889,0,0
17,18,0.8888889,0,0
18,3,0.06666667,2,2
18,4,0.08888889,2,3
18,5,0.1111111,2,5
18,6,0.2,3,7
18,7,0.2666667,4,11
18,8,0.4222222,7,6
18,9,0.4888889,7,7
18,10,0.6,4,8
18,11,0.7555556,5,4
18,12,0.8222222,3,0
18,13,0.8666667,0,0
18,14,0.8888889,0,0
18,15,0.8888889,0,0
18,16,0.8888889,0,0
18,17,0.8888889,0,0
18,18,0.8888889,0,0
19,3,0.06666667,2,2
19,4,0.08888889,2,3
19,5,0.1333333,3,5
19,6,0.2,4,4
19,7,0.2444444,3,4
19,8,0.2888889,4,8
19,9,0.3555556,6,9
19,10,0.5111111,8,10
19,11,0.6666667,8,6
19,12,0.8,5,0
19,13,0.8222222,3,0
19,14,0.8666667,0,0
19,15,0.8666667,0,0
19,16,0.8666667,0,0
19,17,0.8666667,0,0
19,18,0.8888889,0,0
20,3,0.06666667,2,2
20,4,0.06666667,2,2
20,5,0.06666667,2,2
20,6,0.08888889,2,5
20,7,0.1555556,4,5
20,8,0.2,2,3
20,9,0.2444444,3,5
20,10,0.2888889,4,9
20,11,0.4222222,7,10
20,12,0.5111111,7,9
20,13,0.6,7,8
20,14,0.6666667,6,5
20,15,0.7777778,3,4
20,16,0.8444445,2,2
20,17,0.8888889,0,0
20,18,0.8888889,0,0
21,3,0.06666667,2,2
21,4,0.06666667,2,2
21,5,0.06666667,2,2
21,6,0.08888889,2,3
21,7,0.1111111,3,4
21,8,0.1555556,4,7
21,9,0.2444444,5,9
21,10,0.4222222,7,9
21,11,0.6,9,7
21,12,0.6888889,7,5
21,13,0.8,5,0
21,14,0.8444445,1,0
21,15,0.8888889,0,0
21,16,0.8888889,0,0
21,17,0.8888889,0,0
21,18,0.8888889,0,0
22,3,0.06666667,2,2
22,4,0.1111111,2,5
22,5,0.1333333,3,6
22,6,0.1555556,3,6
22,7,0.2,5,10
22,8,0.2888889,7,6
22,9,0.4222222,7,10
22,10,0.5555556,8,10
22,11,0.6444445,10,5
22,12,0.8444445,2,0
22,13,0.8666667,0,0
22,14,0.8888889,0,0
22,15,0.8888889,0,0
22,16,0.8888889,0,0
22,17,0.8888889,0,0
22,18,0.8888889,0,0
23,3,0.06666667,2,2
23,4,0.06666667,2,2
23,5,0.08888889,2,5
23,6,0.1555556,4,4
23,7,0.1777778,3,4
23,8,0.2222222,2,5
23,9,0.2888889,4,5
23,10,0.3777778,5,9
23,11,0.4888889,7,7
23,12,0.6444445,7,6
23,13,0.7111111,6,6
23,14,0.8222222,4,0
23,15,0.8888889,0,0
23,16,0.8888889,0,0
23,17,0.8888889,0,0
23,18,0.8888889,0,0
24,3,0.06666667,2,2
24,4,0.08888889,2,5
24,5,0.1333333,3,6
24,6,0.2,4,5
24,7,0.2666667,3,6
24,8,0.3333333,4,9
24,9,0.4888889,5,7
24,10,0.6,8,6
24,11,0.7111111,5,5
24,12,0.7777778,5,0
24,13,0.8666667,1,0
24,14,0.8888889,0,0
24,15,0.8888889,0,0
24,16,0.8888889,0,0
24,17,0.8888889,0,0
24,18,0.8888889,0,0
25,3,0.06666667,2,2
25,4,0.1111111,2,5
25,5,0.2,4,4
25,6,0.2666667,4,4
25,7,0.2888889,4,8
25,8,0.4,4,9
25,9,0.5111111,6,6
25,10,0.6222222,7,6
25,11,0.6888889,7,5
25,12,0.7777778,4,2
25,13,0.8444445,2,0
25,14,0.8444445,2,0
25,15,0.8888889,0,0
25,16,0.8888889,0,0
25,17,0.8888889,0,0
25,18,0.8888889,0,0
26,3,0.06666667,2,2
26,4,0.08888889,2,3
26,5,0.08888889,2,3
26,6,0.1333333,3,6
26,7,0.2,4,5
26,8,0.2888889,5,8
26,9,0.4222222,5,10
26,10,0.4888889,5,10
26,11,0.6666667,9,5
26,12,0.7555556,6,2
26,13,0.8444445,0,0
26,14,0.8666667,0,0
26,15,0.8888889,0,0
26,16,0.8888889,0,0
26,17,0.8888889,0,0
26,18,0.8888889,0,0
27,3,0.06666667,2,2
27,4,0.1111111,2,5
27,5,0.1777778,4,6
27,6,0.2666667,4,6
27,7,0.3333333,5,8
27,8,0.4666667,4,8
27,9,0.5777778,5,7
27,10,0.6888889,7,3
27,11,0.8,6,0
27,12,0.8666667,1,0
27,13,0.8666667,1,0
27,14,0.8888889,0,0
27,15,0.8888889,0,0
27,16,0.8888889,0,0
27,17,0.8888889,0,0
27,18,0.8888889,0,0
28,3,0.06666667,2,2
28,4,0.08888889,2,5
28,5,0.1333333,4,5
28,6,0.1777778,5,10
28,7,0.3111111,5,10
28,8,0.4444444,8,10
28,9,0.6,7,6
28,10,0.7777778,3,4
28,11,0.8444445,3,0
28,12,0.8888889,0,0
28,13,0.8888889,0,0
28,14,0.8888889,0,0
28,15,0.8888889,0,0
28,16,0.8888889,0,0
28,17,0.8888889,0,0
28,18,0.8888889,0,0
29,3,0.06666667,2,2
29,4,0.08888889,2,3
29,5,0.1555556,3,6
29,6,0.2444444,5,7
29,7,0.3777778,7,9
29,8,0.4666667,6,10
29,9,0.6444445,5,7
29,10,0.7555556,5,2
29,11,0.8888889,0,0
29,12,0.8888889,0,0
29,13,0.8888889,0,0
29,14,0.8888889,0,0
29,15,0.8888889,0,0
29,16,0.8888889,0,0
29,17,0.8888889,0,0
29,18,0.8888889,0,0
30,3,0.06666667,2,2
30,4,0.06666667,2,2
30,5,0.1111111,2,5
30,6,0.1777778,4,7
30,7,0.2,5,8
30,8,0.3555556,4,9
30,9,0.4222222,6,6
30,10,0.5555556,5,6
30,11,0.6666667,4,7
30,12,0.7555556,6,3
30,13,0.8,4,2
30,14,0.8666667,1,0
30,15,0.8888889,0,0
30,16,0.8888889,0,0
30,17,0.8888889,0,0
30,18,0.8888889,0,0
31,3,0.06666667,2,2
31,4,0.1111111,2,5
31,5,0.1777778,3,6
31,6,0.1777778,3,6
31,7,0.2444444,3,5
31,8,0.3333333,4,9
31,9,0.4222222,5,8
31,10,0.5333334,4,9
31,11,0.6666667,7,5
31,12,0.7555556,2,3
31,13,0.8222222,2,0
31,14,0.8666667,0,0
31,15,0.8666667,0,0
31,16,0.8666667,0,0
31,17,0.8888889,0,0
31,18,0.8888889,0,0
32,3,0.06666667,2,2
32,4,0.08888889,2,5
32,5,0.1555556,4,5
32,6,0.2,4,8
32,7,0.3111111,5,8
32,8,0.4,6,8
32,9,0.5111111,8,9
32,10,0.6444445,8,5
32,11,0.7555556,4,2
32,12,0.8444445,0,2
32,13,0.8666667,1,0
32,14,0.8888889,0,0
32,15,0.8888889,0,0
32,16,0.8888889,0,0
32,17,0.8888889,0,0
32,18,0.8888889,0,0
33,3,0.06666667,2,2
33,4,0.08888889,2,5
33,5,0.1555556,4,6
33,6,0.1777778,3,6
33,7,0.2666667,4,8
33,8,0.3777778,7,10
33,9,0.5333334,7,5
33,10,0.6,6,5
33,11,0.7333333,4,5
33,12,0.8666667,0,0
33,13,0.8888889,0,0
33,14,0.8888889,0,0
33,15,0.8888889,0,0
33,16,0.8888889,0,0
33,17,0.8888889,0,0
33,18,0.8888889,0,0
34,3,0.06666667,2,2
34,4,0.08888889,2,3
34,5,0.1333333,3,6
34,6,0.1777778,5,7
34,7,0.2444444,7,8
34,8,0.3555556,5,9
34,9,0.4666667,7,6
34,10,0.5777778,7,6
34,11,0.6888889,7,4
34,12,0.7555556,4,4
34,13,0.8444445,2,0
34,14,0.8888889,0,0
34,15,0.8888889,0,0
34,16,0.8888889,0,0
34,17,0.8888889,0,0
34,18,0.8888889,0,0
35,3,0.06666667,2,2
35,4,0.08888889,2,3
35,5,0.1111111,3,4
35,6,0.1777778,4,10
35,7,0.3333333,7,10
35,8,0.4444444,7,10
35,9,0.6222222,7,8
35,10,0.7555556,5,2
35,11,0.8444445,3,0
35,12,0.8888889,0,0
35,13,0.8888889,0,0
35,14,0.8888889,0,0
35,15,0.8888889,0,0
35,16,0.8888889,0,0
35,17,0.8888889,0,0
35,18,0.8888889,0,0
36,3,0.06666667,2,2
36,4,0.06666667,2,2
36,5,0.08888889,2,5
36,6,0.1555556,4,3
36,7,0.2222222,4,8
36,8,0.3555556,6,10
36,9,0.5111111,8,9
36,10,0.6,7,6
36,11,0.6888889,6,4
36,12,0.8666667,2,0
36,13,0.8888889,0,0
36,14,0.8888889,0,0
36,15,0.8888889,0,0
36,16,0.8888889,0,0
36,17,0.8888889,0,0
36,18,0.8888889,0,0
37,3,0.06666667,2,2
37,4,0.1111111,2,5
37,5,0.1555556,4,7
37,6,0.2666667,5,11
37,7,0.3777778,6,9
37,8,0.4888889,7,7
37,9,0.5777778,6,7
37,10,0.6888889,5,6
37,11,0.8,3,3
37,12,0.8444445,3,0
37,13,0.8888889,0,0
37,14,0.8888889,0,0
37,15,0.8888889,0,0
37,16,0.8888889,0,0
37,17,0.8888889,0,0
37,18,0.8888889,0,0
38,3,0.06666667,2,2
38,4,0.08888889,2,5
38,5,0.1333333,4,6
38,6,0.2222222,4,4
38,7,0.3111111,3,7
38,8,0.4444444,5,8
38,9,0.5777778,9,8
38,10,0.6888889,5,5
38,11,0.8,4,0
38,12,0.8888889,0,0
38,13,0.8888889,0,0
38,14,0.8888889,0,0
38,15,0.8888889,0,0
38,16,0.8888889,0,0
38,17,0.8888889,0,0
38,18,0.8888889,0,0
39,3,0.06666667,2,2
39,4,0.08888889,2,3
39,5,0.1333333,3,5
39,6,0.1777778,4,3
39,7,0.2444444,3,5
39,8,0.3333333,5,9
39,9,0.4222222,7,8
39,10,0.5555556,7,8
39,11,0.6222222,8,8
39,12,0.7777778,5,0
39,13,0.8666667,0,0
39,14,0.8666667,0,0
39,15,0.8666667,0,0
39,16,0.8888889,0,0
39,17,0.8888889,0,0
39,18,0.8888889,0,0
40,3,0.06666667,2,2
40,4,0.1111111,2,5
40,5,0.1777778,4,4
40,6,0.2,2,4
40,7,0.2444444,3,4
40,8,0.2666667,3,8
40,9,0.3555556,6,10
40,10,0.4666667,4,8
40,11,0.5111111,4,9
40,12,0.6444445,4,7
40,13,0.7333333,6,4
40,14,0.8444445,2,0
40,15,0.8888889,0,0
40,16,0.8888889,0,0
40,17,0.8888889,0,0
40,18,0.8888889,0,0
41,3,0.06666667,2,2
41,4,0.08888889,2,3
41,5,0.1333333,3,6
41,6,0.2,5,9
41,7,0.2888889,8,11
41,8,0.5111111,5,10
41,9,0.6222222,7,8
41,10,0.7111111,4,7
41,11,0.8444445,4,1
41,12,0.8666667,0,0
41,13,0.8888889,0,0
41,14,0.8888889,0,0
41,15,0.8888889,0,0
41,16,0.8888889,0,0
41,17,0.8888889,0,0
41,18,0.8888889,0,0
42,3,0.06666667,2,2
42,4,0.06666667,2,2
42,5,0.08888889,2,3
42,6,0.1111111,2,5
42,7,0.1555556,4,3
42,8,0.2,3,4
42,9,0.2666667,4,6
42,10,0.3111111,5,5
42,11,0.3555556,4,7
42,12,0.4666667,5,8
42,13,0.5555556,6,8
42,14,0.6444445,6,8
42,15,0.8222222,2,0
42,16,0.8888889,0,0
42,17,0.8888889,0,0
42,18,0.8888889,0,0
43,3,0.06666667,2,2
43,4,0.1111111,2,5
43,5,0.1555556,4,6
43,6,0.2222222,4,6
43,7,0.3333333,7,8
43,8,0.4888889,7,8
43,9,0.6,6,7
43,10,0.7333333,4,4
43,11,0.8222222,3,0
43,12,0.8666667,0,0
43,13,0.8666667,0,0
43,14,0.8888889,0,0
43,15,0.8888889,0,0
43,16,0.8888889,0,0
43,17,0.8888889,0,0
43,18,0.8888889,0,0
44,3,0.06666667,2,2
44,4,0.08888889,2,5
44,5,0.1333333,4,6
44,6,0.1555556,5,10
44,7,0.2444444,5,7
44,8,0.3777778,6,10
44,9,0.5111111,4,7
44,10,0.6444445,7,6
44,11,0.7333333,6,4
44,12,0.8222222,2,0
44,13,0.8666667,0,0
44,14,0.8666667,0,0
44,15,0.8888889,0,0
44,16,0.8888889,0,0
44,17,0.8888889,0,0
44,18,0.8888889,0,0
45,3,0.06666667,2,2
45,4,0.1111111,2,5
45,5,0.1333333,3,5
45,6,0.2222222,2,4
45,7,0.2888889,3,9
45,8,0.3777778,5,8
45,9,0.4222222,6,8
45,10,0.5777778,8,8
45,11,0.6666667,7,8
45,12,0.8,6,0
45,13,0.8666667,2,0
45,14,0.8666667,2,0
45,15,0.8888889,0,0
45,16,0.8888889,0,0
45,17,0.8888889,0,0
45,18,0.8888889,0,0
46,3,0.06666667,2,2
46,4,0.08888889,2,5
46,5,0.1777778,4,3
46,6,0.2222222,2,8
46,7,0.3555556,5,9
46,8,0.4444444,5,7
46,9,0.5333334,3,9
46,10,0.6444445,7,8
46,11,0.7555556,6,5
46,12,0.8222222,3,0
46,13,0.8222222,3,0
46,14,0.8666667,2,0
46,15,0.8888889,0,0
46,16,0.8888889,0,0
46,17,0.8888889,0,0
46,18,0.8888889,0,0
47,3,0.06666667,2,2
47,4,0.08888889,2,3
47,5,0.08888889,2,3
47,6,0.1111111,2,5
47,7,0.1555556,4,3
47,8,0.2444444,3,5
47,9,0.3111111,5,6
47,10,0.4,6,9
47,11,0.5333334,6,7
47,12,0.6444445,6,7
47,13,0.7555556,4,3
47,14,0.8444445,2,0
47,15,0.8666667,0,0
47,16,0.8888889,0,0
47,17,0.8888889,0,0
47,18,0.8888889,0,0
48,3,0.06666667,2,2
48,4,0.08888889,2,3
48,5,0.1555556,3,6
48,6,0.2222222,4,11
48,7,0.3111111,6,12
48,8,0.4666667,6,9
48,9,0.6666667,9,6
48,10,0.7777778,8,1
48,11,0.8444445,0,0
48,12,0.8666667,0,0
48,13,0.8888889,0,0
48,14,0.8888889,0,0
48,15,0.8888889,0,0
48,16,0.8888889,0,0
48,17,0.8888889,0,0
48,18,0.8888889,0,0
49,3,0.06666667,2,2
49,4,0.08888889,2,5
49,5,0.1777778,4,6
49,6,0.2888889,4,8
49,7,0.3777778,5,10
49,8,0.4666667,6,9
49,9,0.6,4,6
49,10,0.6888889,5,5
49,11,0.7555556,4,3
49,12,0.8,3,3
49,13,0.8444445,3,0
49,14,0.8666667,1,0
49,15,0.8666667,1,0
49,16,0.8888889,0,0
49,17,0.8888889,0,0
49,18,0.8888889,0,0
50,3,0.06666667,2,2
50,4,0.1111111,2,5
50,5,0.1777778,5,7
50,6,0.2666667,4,8
50,7,0.4222222,7,8
50,8,0.6,4,5
50,9,0.6888889,6,5
50,10,0.7777778,5,0
50,11,0.8222222,3,0
50,12,0.8888889,0,0
50,13,0.8888889,0,0
50,14,0.8888889,0,0
50,15,0.8888889,0,0
50,16,0.8888889,0,0
50,17,0.8888889,0,0
50,18,0.8888889,0,0
51,3,0.06666667,2,2
51,4,0.06666667,2,2
51,5,0.06666667,2,2
51,6,0.1111111,2,5
51,7,0.1555556,4,7
51,8,0.2222222,4,8
51,9,0.2666667,5,8
51,10,0.3555556,8,6
51,11,0.4444444,5,10
51,12,0.6222222,7,7
51,13,0.6888889,5,5
51,14,0.7777778,4,4
51,15,0.8444445,2,0
51,16,0.8888889,0,0
51,17,0.8888889,0,0
51,18,0.8888889,0,0
52,3,0.06666667,2,2
52,4,0.06666667,2,2
52,5,0.08888889,2,5
52,6,0.1777778,4,6
52,7,0.2444444,4,8
52,8,0.4222222,8,9
52,9,0.5555556,9,7
52,10,0.6444445,8,6
52,11,0.7333333,7,3
52,12,0.8,4,0
52,13,0.8222222,1,0
52,14,0.8666667,1,0
52,15,0.8666667,1,0
52,16,0.8888889,0,0
52,17,0.8888889,0,0
52,18,0.8888889,0,0
53,3,0.06666667,2,2
53,4,0.08888889,2,5
53,5,0.1555556,4,6
53,6,0.2222222,4,4
53,7,0.2666667,3,4
53,8,0.2888889,4,4
53,9,0.3555556,4,9
53,10,0.4666667,6,9
53,11,0.6222222,7,5
53,12,0.7111111,7,4
53,13,0.8,4,0
53,14,0.8444445,2,0
53,15,0.8666667,0,0
53,16,0.8666667,0,0
53,17,0.8666667,0,0
53,18,0.8666667,0,0
54,3,0.06666667,2,2
54,4,0.06666667,2,2
54,5,0.08888889,2,3
54,6,0.1111111,3,5
54,7,0.2,3,7
54,8,0.2444444,4,10
54,9,0.3777778,7,9
54,10,0.5333334,5,9
54,11,0.7333333,6,3
54,12,0.8222222,3,0
54,13,0.8888889,0,0
54,14,0.8888889,0,0
54,15,0.8888889,0,0
54,16,0.8888889,0,0
54,17,0.8888889,0,0
54,18,0.8888889,0,0
55,3,0.06666667,2,2
55,4,0.06666667,2,2
55,5,0.06666667,2,2
55,6,0.1111111,2,5
55,7,0.1777778,4,6
55,8,0.2888889,4,9
55,9,0.3777778,6,7
55,10,0.5333334,6,7
55,11,0.6666667,7,6
55,12,0.7777778,3,4
55,13,0.8222222,3,0
55,14,0.8444445,1,0
55,15,0.8888889,0,0
55,16,0.8888889,0,0
55,17,0.8888889,0,0
55,18,0.8888889,0,0
56,3,0.06666667,2,2
56,4,0.1111111,2,5
56,5,0.1777778,3,6
56,6,0.2444444,3,4
56,7,0.2888889,3,5
56,8,0.3555556,5,5
56,9,0.4222222,6,7
56,10,0.5111111,4,6
56,11,0.5777778,4,8
56,12,0.6222222,5,7
56,13,0.7333333,7,3
56,14,0.8444445,1,0
56,15,0.8888889,0,0
56,16,0.8888889,0,0
56,17,0.8888889,0,0
56,18,0.8888889,0,0
57,3,0.06666667,2,2
57,4,0.08888889,2,5
57,5,0.1555556,4,6
57,6,0.2222222,3,7
57,7,0.2888889,6,9
57,8,0.4444444,7,9
57,9,0.5333334,6,7
57,10,0.6666667,5,6
57,11,0.7333333,5,3
57,12,0.8222222,2,2
57,13,0.8888889,0,0
57,14,0.8888889,0,0
57,15,0.8888889,0,0
57,16,0.8888889,0,0
57,17,0.8888889,0,0
57,18,0.8888889,0,0
58,3,0.06666667,2,2
58,4,0.08888889,2,5
58,5,0.08888889,2,5
58,6,0.1333333,4,6
58,7,0.2,5,7
58,8,0.3111111,5,7
58,9,0.4444444,7,8
58,10,0.5777778,7,6
58,11,0.6666667,3,6
58,12,0.7555556,6,5
58,13,0.8444445,2,0
58,14,0.8666667,0,0
58,15,0.8666667,0,0
58,16,0.8888889,0,0
58,17,0.8888889,0,0
58,18,0.8888889,0,0
59,3,0.06666667,2,2
59,4,0.08888889,2,5
59,5,0.1111111,2,5
59,6,0.1333333,3,5
59,7,0.1777778,4,4
59,8,0.2222222,2,5
59,9,0.3111111,5,6
59,10,0.3777778,6,8
59,11,0.4888889,6,6
59,12,0.5555556,5,7
59,13,0.6444445,7,6
59,14,0.7777778,8,1
59,15,0.8222222,1,0
59,16,0.8444445,0,0
59,17,0.8888889,0,0
59,18,0.8888889,0,0
60,3,0.06666667,2,2
60,4,0.08888889,2,3
60,5,0.1333333,3,6
60,6,0.2,4,4
60,7,0.2888889,3,9
60,8,0.4,5,11
60,9,0.5111111,9,10
60,10,0.6666667,8,4
60,11,0.7777778,4,0
60,12,0.8444445,1,0
60,13,0.8666667,0,0
60,14,0.8888889,0,0
60,15,0.8888889,0,0
60,16,0.8888889,0,0
60,17,0.8888889,0,0
60,18,0.8888889,0,0
61,3,0.06666667,2,2
61,4,0.08888889,2,3
61,5,0.08888889,2,3
61,6,0.1333333,3,6
61,7,0.2,4,5
61,8,0.2222222,2,5
61,9,0.2444444,3,5
61,10,0.2666667,3,5
61,11,0.3333333,5,8
61,12,0.4222222,6,7
61,13,0.5111111,4,8
61,14,0.5555556,4,8
61,15,0.6888889,4,4
61,16,0.7555556,4,2
61,17,0.7777778,4,2
61,18,0.8444445,3,0
62,3,0.06666667,2,2
62,4,0.06666667,2,2
62,5,0.06666667,2,2
62,6,0.1111111,2,5
62,7,0.1333333,3,5
62,8,0.2,2,4
62,9,0.2888889,4,5
62,10,0.3111111,5,9
62,11,0.4444444,7,9
62,12,0.5777778,6,7
62,13,0.7111111,7,6
62,14,0.8,5,0
62,15,0.8888889,0,0
62,16,0.8888889,0,0
62,17,0.8888889,0,0
62,18,0.8888889,0,0
63,3,0.06666667,2,2
63,4,0.1111111,2,5
63,5,0.1555556,3,6
63,6,0.2222222,2,4
63,7,0.3111111,4,9
63,8,0.4888889,7,10
63,9,0.6222222,5,7
63,10,0.7555556,5,2
63,11,0.8444445,4,0
63,12,0.8888889,0,0
63,13,0.8888889,0,0
63,14,0.8888889,0,0
63,15,0.8888889,0,0
63,16,0.8888889,0,0
63,17,0.8888889,0,0
63,18,0.8888889,0,0
64,3,0.06666667,2,2
64,4,0.1111111,2,5
64,5,0.1555556,4,6
64,6,0.2222222,4,4
64,7,0.2888889,3,10
64,8,0.4222222,7,11
64,9,0.5777778,5,7
64,10,0.7555556,6,3
64,11,0.8,6,2
64,12,0.8444445,2,0
64,13,0.8666667,0,0
64,14,0.8888889,0,0
64,15,0.8888889,0,0
64,16,0.8888889,0,0
64,17,0.8888889,0,0
64,18,0.8888889,0,0
65,3,0.06666667,2,2
65,4,0.08888889,2,3
65,5,0.1333333,3,6
65,6,0.1777778,4,11
65,7,0.3333333,4,8
65,8,0.4444444,4,10
65,9,0.5777778,6,8
65,10,0.7555556,6,3
65,11,0.8666667,0,0
65,12,0.8888889,0,0
65,13,0.8888889,0,0
65,14,0.8888889,0,0
65,15,0.8888889,0,0
65,16,0.8888889,0,0
65,17,0.8888889,0,0
65,18,0.8888889,0,0
66,3,0.06666667,2,2
66,4,0.1111111,2,5
66,5,0.1333333,3,5
66,6,0.1777778,4,5
66,7,0.2666667,3,7
66,8,0.4222222,6,10
66,9,0.6,6,7
66,10,0.6888889,4,7
66,11,0.7555556,4,5
66,12,0.8222222,2,2
66,13,0.8888889,0,0
66,14,0.8888889,0,0
66,15,0.8888889,0,0
66,16,0.8888889,0,0
66,17,0.8888889,0,0
66,18,0.8888889,0,0
67,3,0.06666667,2,2
67,4,0.1111111,2,5
67,5,0.1777778,4,6
67,6,0.1777778,4,6
67,7,0.2,3,7
67,8,0.3111111,5,9
67,9,0.3777778,6,10
67,10,0.5111111,7,9
67,11,0.6222222,5,7
67,12,0.6888889,6,5
67,13,0.7555556,4,3
67,14,0.8444445,2,0
67,15,0.8888889,0,0
67,16,0.8888889,0,0
67,17,0.8888889,0,0
67,18,0.8888889,0,0
68,3,0.06666667,2,2
68,4,0.06666667,2,2
68,5,0.1111111,2,5
68,6,0.1555556,4,6
68,7,0.2666667,3,5
68,8,0.3111111,4,9
68,9,0.4222222,6,11
68,10,0.5555556,7,9
68,11,0.6222222,7,6
68,12,0.7555556,5,3
68,13,0.8666667,1,0
68,14,0.8666667,1,0
68,15,0.8888889,0,0
68,16,0.8888889,0,0
68,17,0.8888889,0,0
68,18,0.8888889,0,0
69,3,0.06666667,2,2
69,4,0.08888889,2,5
69,5,0.1333333,4,3
69,6,0.1777778,3,3
69,7,0.2222222,3,4
69,8,0.2666667,4,4
69,9,0.3111111,4,10
69,10,0.4222222,5,8
69,11,0.5333334,7,9
69,12,0.6,6,9
69,13,0.7111111,6,5
69,14,0.7777778,5,0
69,15,0.8666667,0,0
69,16,0.8888889,0,0
69,17,0.8888889,0,0
69,18,0.8888889,0,0
70,3,0.06666667,2,2
70,4,0.06666667,2,2
70,5,0.08888889,2,5
70,6,0.1333333,3,5
70,7,0.2,4,8
70,8,0.2222222,2,8
70,9,0.3111111,5,9
70,10,0.4888889,10,9
70,11,0.5555556,8,10
70,12,0.7333333,5,5
70,13,0.8,4,3
70,14,0.8666667,0,0
70,15,0.8666667,0,0
70,16,0.8666667,0,0
70,17,0.8888889,0,0
70,18,0.8888889,0,0
71,3,0.06666667,2,2
71,4,0.1111111,2,5
71,5,0.2222222,4,5
71,6,0.2888889,4,9
71,7,0.3777778,7,10
71,8,0.5111111,8,10
71,9,0.6444445,6,7
71,10,0.7555556,5,2
71,11,0.8,4,2
71,12,0.8666667,1,0
71,13,0.8666667,1,0
71,14,0.8888889,0,0
71,15,0.8888889,0,0
71,16,0.8888889,0,0
71,17,0.8888889,0,0
71,18,0.8888889,0,0
72,3,0.06666667,2,2
72,4,0.06666667,2,2
72,5,0.08888889,2,3
72,6,0.1111111,3,5
72,7,0.1333333,3,5
72,8,0.2444444,3,5
72,9,0.3333333,4,9
72,10,0.4,7,10
72,11,0.5333334,6,9
72,12,0.6444445,5,6
72,13,0.7555556,4,4
72,14,0.8222222,3,0
72,15,0.8666667,0,0
72,16,0.8888889,0,0
72,17,0.8888889,0,0
72,18,0.8888889,0,0
73,3,0.06666667,2,2
73,4,0.08888889,2,3
73,5,0.1333333,3,5
73,6,0.1555556,4,3
73,7,0.1555556,4,3
73,8,0.2444444,3,5
73,9,0.2666667,4,9
73,10,0.3333333,5,10
73,11,0.4888889,8,8
73,12,0.6222222,4,7
73,13,0.7555556,3,4
73,14,0.8,5,0
73,15,0.8666667,2,0
73,16,0.8888889,0,0
73,17,0.8888889,0,0
73,18,0.8888889,0,0
74,3,0.06666667,2,2
74,4,0.08888889,2,5
74,5,0.1555556,4,3
74,6,0.2444444,3,8
74,7,0.2888889,4,9
74,8,0.4,8,10
74,9,0.5333334,8,7
74,10,0.6444445,6,6
74,11,0.7111111,6,4
74,12,0.8,3,3
74,13,0.8,3,3
74,14,0.8222222,3,2
74,15,0.8888889,0,0
74,16,0.8888889,0,0
74,17,0.8888889,0,0
74,18,0.8888889,0,0
75,3,0.06666667,2,2
75,4,0.1111111,2,5
75,5,0.2,4,4
75,6,0.2666667,3,8
75,7,0.3555556,5,8
75,8,0.4666667,7,7
75,9,0.6,6,7
75,10,0.6888889,6,5
75,11,0.7555556,4,3
75,12,0.8444445,2,0
75,13,0.8888889,0,0
75,14,0.8888889,0,0
75,15,0.8888889,0,0
75,16,0.8888889,0,0
75,17,0.8888889,0,0
75,18,0.8888889,0,0
76,3,0.06666667,2,2
76,4,0.06666667,2,2
76,5,0.06666667,2,2
76,6,0.08888889,2,5
76,7,0.1333333,3,5
76,8,0.1333333,3,5
76,9,0.2,4,5
76,10,0.2444444,2,6
76,11,0.3555556,6,8
76,12,0.4666667,7,8
76,13,0.5555556,8,9
76,14,0.7111111,9,0
76,15,0.8666667,0,0
76,16,0.8888889,0,0
76,17,0.8888889,0,0
76,18,0.8888889,0,0
77,3,0.06666667,2,2
77,4,0.08888889,2,3
77,5,0.1111111,2,5
77,6,0.1777778,4,4
77,7,0.2444444,3,5
77,8,0.3111111,4,10
77,9,0.4666667,8,8
77,10,0.5777778,6,8
77,11,0.6222222,5,7
77,12,0.7111111,6,5
77,13,0.8444445,0,0
77,14,0.8666667,0,0
77,15,0.8666667,0,0
77,16,0.8888889,0,0
77,17,0.8888889,0,0
77,18,0.8888889,0,0
78,3,0.06666667,2,2
78,4,0.1111111,2,5
78,5,0.1777778,5,7
78,6,0.2666667,5,5
78,7,0.3333333,4,7
78,8,0.3777778,4,8
78,9,0.4888889,5,9
78,10,0.6666667,8,7
78,11,0.7777778,5,2
78,12,0.8888889,0,0
78,13,0.8888889,0,0
78,14,0.8888889,0,0
78,15,0.8888889,0,0
78,16,0.8888889,0,0
78,17,0.8888889,0,0
78,18,0.8888889,0,0
79,3,0.06666667,2,2
79,4,0.08888889,2,3
79,5,0.1333333,3,6
79,6,0.1777778,5,12
79,7,0.2888889,8,9
79,8,0.4444444,6,8
79,9,0.6444445,6,9
79,10,0.8,5,2
79,11,0.8666667,0,0
79,12,0.8888889,0,0
79,13,0.8888889,0,0
79,14,0.8888889,0,0
79,15,0.8888889,0,0
79,16,0.8888889,0,0
79,17,0.8888889,0,0
79,18,0.8888889,0,0
80,3,0.06666667,2,2
80,4,0.06666667,2,2
80,5,0.08888889,2,3
80,6,0.1111111,3,5
80,7,0.1333333,4,5
80,8,0.2222222,4,8
80,9,0.3111111,7,11
80,10,0.4666667,8,9
80,11,0.6444445,8,7
80,12,0.7777778,4,0
80,13,0.8888889,0,0
80,14,0.8888889,0,0
80,15,0.8888889,0,0
80,16,0.8888889,0,0
80,17,0.8888889,0,0
80,18,0.8888889,0,0
81,3,0.06666667,2,2
81,4,0.1111111,2,5
81,5,0.1555556,3,6
81,6,0.2444444,3,6
81,7,0.2888889,4,6
81,8,0.4,6,7
81,9,0.5333334,5,7
81,10,0.6222222,7,5
81,11,0.7111111,4,5
81,12,0.8,3,2
81,13,0.8222222,2,2
81,14,0.8222222,2,2
81,15,0.8666667,0,0
81,16,0.8888889,0,0
81,17,0.8888889,0,0
81,18,0.8888889,0,0
82,3,0.06666667,2,2
82,4,0.06666667,2,2
82,5,0.08888889,2,3
82,6,0.1111111,2,5
82,7,0.2,3,7
82,8,0.2888889,4,11
82,9,0.4,8,8
82,10,0.5777778,5,7
82,11,0.6888889,7,6
82,12,0.8222222,4,0
82,13,0.8888889,0,0
82,14,0.8888889,0,0
82,15,0.8888889,0,0
82,16,0.8888889,0,0
82,17,0.8888889,0,0
82,18,0.8888889,0,0
83,3,0.06666667,2,2
83,4,0.06666667,2,2
83,5,0.06666667,2,2
83,6,0.08888889,2,5
83,7,0.1555556,4,5
83,8,0.2666667,3,8
83,9,0.4,6,9
83,10,0.5111111,6,9
83,11,0.6,6,7
83,12,0.6444445,7,6
83,13,0.7333333,5,2
83,14,0.8222222,2,2
83,15,0.8666667,2,0
83,16,0.8666667,2,0
83,17,0.8888889,0,0
83,18,0.8888889,0,0
84,3,0.06666667,2,2
84,4,0.06666667,2,2
84,5,0.06666667,2,2
84,6,0.08888889,2,5
84,7,0.1555556,4,5
84,8,0.2222222,3,4
84,9,0.2888889,4,5
84,10,0.3777778,5,9
84,11,0.5333334,9,8
84,12,0.7111111,6,2
84,13,0.8666667,2,0
84,14,0.8888889,0,0
84,15,0.8888889,0,0
84,16,0.8888889,0,0
84,17,0.8888889,0,0
84,18,0.8888889,0,0
85,3,0.06666667,2,2
85,4,0.08888889,2,5
85,5,0.1555556,4,3
85,6,0.2,2,4
85,7,0.2444444,2,5
85,8,0.3555556,5,7
85,9,0.4444444,4,7
85,10,0.5333334,6,8
85,11,0.6222222,4,7
85,12,0.7333333,5,3
85,13,0.8222222,3,0
85,14,0.8666667,0,0
85,15,0.8888889,0,0
85,16,0.8888889,0,0
85,17,0.8888889,0,0
85,18,0.8888889,0,0
86,3,0.06666667,2,2
86,4,0.08888889,2,3
86,5,0.1111111,3,4
86,6,0.1555556,4,7
86,7,0.2,5,5
86,8,0.2888889,4,8
86,9,0.4222222,6,10
86,10,0.5777778,9,10
86,11,0.7111111,9,4
86,12,0.7777778,6,2
86,13,0.8222222,3,0
86,14,0.8666667,0,0
86,15,0.8666667,0,0
86,16,0.8666667,0,0
86,17,0.8666667,0,0
86,18,0.8666667,0,0
87,3,0.06666667,2,2
87,4,0.08888889,2,3
87,5,0.1333333,3,6
87,6,0.2222222,4,11
87,7,0.2444444,5,9
87,8,0.3555556,5,10
87,9,0.4888889,5,10
87,10,0.6222222,5,7
87,11,0.7111111,5,6
87,12,0.8222222,3,0
87,13,0.8888889,0,0
87,14,0.8888889,0,0
87,15,0.8888889,0,0
87,16,0.8888889,0,0
87,17,0.8888889,0,0
87,18,0.8888889,0,0
88,3,0.06666667,2,2
88,4,0.1111111,2,5
88,5,0.1555556,4,6
88,6,0.2,4,7
88,7,0.2666667,3,6
88,8,0.3333333,4,7
88,9,0.4444444,4,8
88,10,0.5111111,4,10
88,11,0.7111111,5,5
88,12,0.8,3,2
88,13,0.8888889,0,0
88,14,0.8888889,0,0
88,15,0.8888889,0,0
88,16,0.8888889,0,0
88,17,0.8888889,0,0
88,18,0.8888889,0,0
89,3,0.06666667,2,2
89,4,0.08888889,2,3
89,5,0.1111111,2,5
89,6,0.1555556,4,6
89,7,0.2,5,7
89,8,0.2666667,6,10
89,9,0.3777778,7,9
89,10,0.5333334,6,8
89,11,0.6222222,6,9
89,12,0.7777778,8,0
89,13,0.8888889,0,0
89,14,0.8888889,0,0
89,15,0.8888889,0,0
89,16,0.8888889,0,0
89,17,0.8888889,0,0
89,18,0.8888889,0,0
90,3,0.06666667,2,2
90,4,0.08888889,2,3
90,5,0.1333333,3,6
90,6,0.2,3,7
90,7,0.2888889,6,6
90,8,0.3555556,7,9
90,9,0.4666667,8,10
90,10,0.6444445,7,4
90,11,0.8222222,2,3
90,12,0.8444445,3,0
90,13,0.8888889,0,0
90,14,0.8888889,0,0
90,15,0.8888889,0,0
90,16,0.8888889,0,0
90,17,0.8888889,0,0
90,18,0.8888889,0,0
91,3,0.06666667,2,2
91,4,0.08888889,2,3
91,5,0.1333333,3,5
91,6,0.1777778,4,3
91,7,0.2,4,4
91,8,0.2666667,3,5
91,9,0.2888889,3,8
91,10,0.3333333,4,11
91,11,0.4888889,8,7
91,12,0.6222222,6,7
91,13,0.7111111,5,4
91,14,0.7555556,4,3
91,15,0.8666667,2,0
91,16,0.8888889,0,0
91,17,0.8888889,0,0
91,18,0.8888889,0,0
92,3,0.06666667,2,2
92,4,0.06666667,2,2
92,5,0.08888889,2,3
92,6,0.1111111,3,5
92,7,0.2,4,5
92,8,0.3111111,4,8
92,9,0.4444444,7,8
92,10,0.5555556,6,8
92,11,0.7333333,5,4
92,12,0.8222222,2,0
92,13,0.8666667,0,0
92,14,0.8888889,0,0
92,15,0.8888889,0,0
92,16,0.8888889,0,0
92,17,0.8888889,0,0
92,18,0.8888889,0,0
93,3,0.06666667,2,2
93,4,0.08888889,2,5
93,5,0.08888889,2,5
93,6,0.1555556,4,3
93,7,0.2444444,3,5
93,8,0.2888889,4,6
93,9,0.3555556,5,10
93,10,0.4444444,5,10
93,11,0.5333334,6,8
93,12,0.6888889,6,4
93,13,0.8,4,3
93,14,0.8444445,3,0
93,15,0.8888889,0,0
93,16,0.8888889,0,0
93,17,0.8888889,0,0
93,18,0.8888889,0,0
94,3,0.06666667,2,2
94,4,0.08888889,2,3
94,5,0.1333333,3,6
94,6,0.2444444,6,10
94,7,0.3555556,6,8
94,8,0.4444444,6,6
94,9,0.5111111,7,7
94,10,0.5777778,4,7
94,11,0.6666667,6,7
94,12,0.8222222,5,1
94,13,0.8666667,0,0
94,14,0.8666667,0,0
94,15,0.8666667,0,0
94,16,0.8666667,0,0
94,17,0.8666667,0,0
94,18,0.8888889,0,0
95,3,0.06666667,2,2
95,4,0.08888889,2,5
95,5,0.1777778,4,6
95,6,0.2222222,5,6
95,7,0.3333333,5,9
95,8,0.5111111,5,7
95,9,0.5555556,7,7
95,10,0.6,8,6
95,11,0.7333333,5,2
95,12,0.8222222,2,2
95,13,0.8888889,0,0
95,14,0.8888889,0,0
95,15,0.8888889,0,0
95,16,0.8888889,0,0
95,17,0.8888889,0,0
95,18,0.8888889,0,0
96,3,0.06666667,2,2
96,4,0.1111111,2,5
96,5,0.1111111,2,5
96,6,0.1555556,4,6
96,7,0.2444444,3,4
96,8,0.2888889,4,8
96,9,0.4,7,8
96,10,0.5555556,7,8
96,11,0.6666667,6,6
96,12,0.7333333,4,4
96,13,0.7777778,5,2
96,14,0.8888889,0,0
96,15,0.8888889,0,0
96,16,0.8888889,0,0
96,17,0.8888889,0,0
96,18,0.8888889,0,0
97,3,0.06666667,2,2
97,4,0.08888889,2,5
97,5,0.1555556,4,6
97,6,0.2444444,4,8
97,7,0.3333333,7,8
97,8,0.4888889,7,8
97,9,0.6,8,7
97,10,0.6888889,7,4
97,11,0.7777778,4,3
97,12,0.8,4,2
97,13,0.8222222,4,0
97,14,0.8444445,2,0
97,15,0.8666667,0,0
97,16,0.8666667,0,0
97,17,0.8666667,0,0
97,18,0.8888889,0,0
98,3,0.06666667,2,2
98,4,0.08888889,2,5
98,5,0.1777778,3,6
98,6,0.2444444,3,10
98,7,0.3333333,5,11
98,8,0.4888889,7,9
98,9,0.6666667,5,6
98,10,0.7777778,4,2
98,11,0.8666667,0,0
98,12,0.8888889,0,0
98,13,0.8888889,0,0
98,14,0.8888889,0,0
98,15,0.8888889,0,0
98,16,0.8888889,0,0
98,17,0.8888889,0,0
98,18,0.8888889,0,0
99,3,0.06666667,2,2
99,4,0.06666667,2,2
99,5,0.1111111,2,5
99,6,0.1555556,4,3
99,7,0.2,4,4
99,8,0.2888889,4,8
99,9,0.4222222,5,7
99,10,0.6,6,7
99,11,0.7111111,6,4
99,12,0.7555556,4,3
99,13,0.8,3,2
99,14,0.8222222,3,0
99,15,0.8888889,0,0
99,16,0.8888889,0,0
99,17,0.8888889,0,0
99,18,0.8888889,0,0
100,3,0.06666667,2,2
100,4,0.08888889,2,3
100,5,0.1333333,3,6
100,6,0.2,6,12
100,7,0.3111111,7,9
100,8,0.5333334,6,8
100,9,0.6666667,4,5
100,10,0.7555556,4,4
100,11,0.8222222,3,2
100,12,0.8222222,3,2
100,13,0.8444445,2,0
100,14,0.8444445,2,0
100,15,0.8666667,0,0
100,16,0.8888889,0,0
100,17,0.8888889,0,0
100,18,0.8888889,0,0
101,3,0.06666667,2,2
101,4,0.06666667,2,2
101,5,0.08888889,2,5
101,6,0.1333333,4,6
101,7,0.2,4,10
101,8,0.2222222,3,10
101,9,0.3111111,6,10
101,10,0.4444444,6,9
101,11,0.5555556,6,8
101,12,0.6444445,8,4
101,13,0.8222222,2,2
101,14,0.8666667,2,0
101,15,0.8888889,0,0
101,16,0.8888889,0,0
101,17,0.8888889,0,0
101,18,0.8888889,0,0
102,3,0.06666667,2,2
102,4,0.1111111,2,5
102,5,0.2,4,5
102,6,0.3111111,5,6
102,7,0.3333333,5,6
102,8,0.4,6,4
102,9,0.4888889,4,8
102,10,0.6,5,7
102,11,0.6888889,3,5
102,12,0.7333333,3,4
102,13,0.8,2,3
102,14,0.8444445,2,0
102,15,0.8666667,1,0
102,16,0.8888889,0,0
102,17,0.8888889,0,0
102,18,0.8888889,0,0
103,3,0.06666667,2,2
103,4,0.08888889,2,3
103,5,0.1333333,3,6
103,6,0.2,6,10
103,7,0.3333333,5,8
103,8,0.4222222,5,7
103,9,0.4666667,5,7
103,10,0.6222222,5,7
103,11,0.6888889,5,6
103,12,0.7555556,5,2
103,13,0.8,2,2
103,14,0.8444445,0,0
103,15,0.8666667,0,0
103,16,0.8888889,0,0
103,17,0.8888889,0,0
103,18,0.8888889,0,0
104,3,0.06666667,2,2
104,4,0.08888889,2,5
104,5,0.1333333,4,6
104,6,0.2444444,5,4
104,7,0.3333333,4,9
104,8,0.4444444,6,9
104,9,0.5777778,7,9
104,10,0.7333333,7,0
104,11,0.8444445,1,0
104,12,0.8666667,1,0
104,13,0.8666667,1,0
104,14,0.8888889,0,0
104,15,0.8888889,0,0
104,16,0.8888889,0,0
104,17,0.8888889,0,0
104,18,0.8888889,0,0
105,3,0.06666667,2,2
105,4,0.1111111,2,5
105,5,0.1555556,4,3
105,6,0.2222222,4,5
105,7,0.2444444,4,5
105,8,0.3111111,3,7
105,9,0.4222222,4,6
105,10,0.4444444,3,6
105,11,0.4888889,3,6
105,12,0.5333334,5,7
105,13,0.6666667,7,5
105,14,0.7333333,6,2
105,15,0.8,4,0
105,16,0.8666667,1,0
105,17,0.8888889,0,0
105,18,0.8888889,0,0
106,3,0.06666667,2,2
106,4,0.1111111,2,5
106,5,0.2,4,5
106,6,0.3333333,5,8
106,7,0.4,5,9
106,8,0.4888889,6,7
106,9,0.6,5,6
106,10,0.6444445,6,6
106,11,0.7111111,4,5
106,12,0.8,3,2
106,13,0.8444445,2,0
106,14,0.8666667,0,0
106,15,0.8666667,0,0
106,16,0.8888889,0,0
106,17,0.8888889,0,0
106,18,0.8888889,0,0
107,3,0.06666667,2,2
107,4,0.1111111,2,5
107,5,0.1555556,4,6
107,6,0.2444444,5,7
107,7,0.3555556,7,10
107,8,0.5111111,8,6
107,9,0.6444445,4,6
107,10,0.7111111,3,5
107,11,0.7555556,3,3
107,12,0.8222222,3,0
107,13,0.8444445,3,0
107,14,0.8888889,0,0
107,15,0.8888889,0,0
107,16,0.8888889,0,0
107,17,0.8888889,0,0
107,18,0.8888889,0,0
108,3,0.06666667,2,2
108,4,0.1111111,2,5
108,5,0.2,4,4
108,6,0.2666667,4,9
108,7,0.3777778,6,8
108,8,0.5555556,6,10
108,9,0.7111111,7,3
108,10,0.8,6,0
108,11,0.8888889,0,0
108,12,0.8888889,0,0
108,13,0.8888889,0,0
108,14,0.8888889,0,0
108,15,0.8888889,0,0
108,16,0.8888889,0,0
108,17,0.8888889,0,0
108,18,0.8888889,0,0
109,3,0.06666667,2,2
109,4,0.08888889,2,5
109,5,0.1333333,3,5
109,6,0.2222222,4,5
109,7,0.2444444,4,5
109,8,0.2888889,6,9
109,9,0.4444444,6,6
109,10,0.5555556,6,7
109,11,0.6444445,3,7
109,12,0.7555556,4,3
109,13,0.8444445,2,2
109,14,0.8666667,2,0
109,15,0.8888889,0,0
109,16,0.8888889,0,0
109,17,0.8888889,0,0
109,18,0.8888889,0,0
110,3,0.06666667,2,2
110,4,0.08888889,2,3
110,5,0.08888889,2,3
110,6,0.1111111,3,5
110,7,0.1777778,4,3
110,8,0.2222222,4,5
110,9,0.2666667,3,5
110,10,0.3111111,3,7
110,11,0.4222222,5,10
110,12,0.5333334,7,9
110,13,0.6444445,5,5
110,14,0.8,3,1
110,15,0.8222222,4,0
110,16,0.8888889,0,0
110,17,0.8888889,0,0
110,18,0.8888889,0,0
111,3,0.06666667,2,2
111,4,0.08888889,2,5
111,5,0.1111111,2,5
111,6,0.1555556,4,6
111,7,0.2222222,4,4
111,8,0.2888889,5,10
111,9,0.3777778,6,8
111,10,0.4666667,5,8
111,11,0.6,7,7
111,12,0.7555556,7,2
111,13,0.8444445,1,0
111,14,0.8888889,0,0
111,15,0.8888889,0,0
111,16,0.8888889,0,0
111,17,0.8888889,0,0
111,18,0.8888889,0,0
112,3,0.06666667,2,2
112,4,0.06666667,2,2
112,5,0.08888889,2,5
112,6,0.1555556,4,5
112,7,0.2,4,4
112,8,0.2666667,3,8
112,9,0.3555556,6,10
112,10,0.4888889,5,8
112,11,0.5777778,7,7
112,12,0.6666667,5,5
112,13,0.8222222,3,2
112,14,0.8666667,2,0
112,15,0.8888889,0,0
112,16,0.8888889,0,0
112,17,0.8888889,0,0
112,18,0.8888889,0,0
113,3,0.06666667,2,2
113,4,0.08888889,2,5
113,5,0.1333333,4,6
113,6,0.2222222,5,5
113,7,0.3111111,4,9
113,8,0.3555556,4,8
113,9,0.4222222,5,9
113,10,0.5111111,5,10
113,11,0.6222222,8,9
113,12,0.7111111,8,3
113,13,0.7777778,5,2
113,14,0.8222222,2,0
113,15,0.8888889,0,0
113,16,0.8888889,0,0
113,17,0.8888889,0,0
113,18,0.8888889,0,0
114,3,0.06666667,2,2
114,4,0.06666667,2,2
114,5,0.08888889,2,5
114,6,0.1555556,4,6
114,7,0.2,6,10
114,8,0.3111111,6,11
114,9,0.4888889,8,8
114,10,0.6444445,6,7
114,11,0.7555556,7,0
114,12,0.8222222,1,0
114,13,0.8666667,0,0
114,14,0.8666667,0,0
114,15,0.8888889,0,0
114,16,0.8888889,0,0
114,17,0.8888889,0,0
114,18,0.8888889,0,0
115,3,0.06666667,2,2
115,4,0.08888889,2,3
115,5,0.1111111,2,5
115,6,0.1333333,3,5
115,7,0.1555556,4,5
115,8,0.2,4,8
115,9,0.3555556,6,10
115,10,0.4888889,8,9
115,11,0.6,8,9
115,12,0.6888889,8,5
115,13,0.7777778,5,0
115,14,0.8666667,0,0
115,15,0.8666667,0,0
115,16,0.8666667,0,0
115,17,0.8888889,0,0
115,18,0.8888889,0,0
116,3,0.06666667,2,2
116,4,0.06666667,2,2
116,5,0.08888889,2,3
116,6,0.1111111,3,5
116,7,0.1555556,4,6
116,8,0.2888889,4,5
116,9,0.3111111,4,8
116,10,0.4222222,6,7
116,11,0.5555556,7,8
116,12,0.7111111,5,4
116,13,0.7777778,4,2
116,14,0.8444445,0,0
116,15,0.8666667,0,0
116,16,0.8666667,0,0
116,17,0.8888889,0,0
116,18,0.8888889,0,0
117,3,0.06666667,2,2
117,4,0.08888889,2,5
117,5,0.1111111,3,5
117,6,0.1777778,4,8
117,7,0.3333333,6,12
117,8,0.4888889,9,13
117,9,0.6888889,11,2
117,10,0.8222222,1,0
117,11,0.8444445,1,0
117,12,0.8888889,0,0
117,13,0.8888889,0,0
117,14,0.8888889,0,0
117,15,0.8888889,0,0
117,16,0.8888889,0,0
117,17,0.8888889,0,0
117,18,0.8888889,0,0
118,3,0.06666667,2,2
118,4,0.1111111,2,5
118,5,0.1555556,4,6
118,6,0.2222222,4,9
118,7,0.3333333,6,7
118,8,0.4666667,6,8
118,9,0.6,7,9
118,10,0.7111111,9,4
118,11,0.8444445,4,0
118,12,0.8888889,0,0
118,13,0.8888889,0,0
118,14,0.8888889,0,0
118,15,0.8888889,0,0
118,16,0.8888889,0,0
118,17,0.8888889,0,0
118,18,0.8888889,0,0
119,3,0.06666667,2,2
119,4,0.08888889,2,5
119,5,0.1111111,3,5
119,6,0.1777778,5,10
119,7,0.3111111,6,9
119,8,0.4444444,7,9
119,9,0.5333334,6,7
119,10,0.6444445,5,7
119,11,0.7555556,4,3
119,12,0.8222222,2,0
119,13,0.8666667,0,0
119,14,0.8666667,0,0
119,15,0.8666667,0,0
119,16,0.8666667,0,0
119,17,0.8666667,0,0
119,18,0.8888889,0,0
120,3,0.06666667,2,2
120,4,0.08888889,2,5
120,5,0.1777778,4,3
120,6,0.2222222,3,4
120,7,0.2888889,3,8
120,8,0.4222222,7,10
120,9,0.4888889,8,8
120,10,0.6666667,6,6
120,11,0.7555556,5,4
120,12,0.8,4,0
120,13,0.8666667,0,0
120,14,0.8888889,0,0
120,15,0.8888889,0,0
120,16,0.8888889,0,0
120,17,0.8888889,0,0
120,18,0.8888889,0,0
121,3,0.06666667,2,2
121,4,0.06666667,2,2
121,5,0.1111111,2,5
121,6,0.2222222,4,5
121,7,0.3111111,4,8
121,8,0.3555556,5,8
121,9,0.4222222,6,10
121,10,0.5777778,6,9
121,11,0.7111111,7,4
121,12,0.8666667,0,0
121,13,0.8666667,0,0
121,14,0.8666667,0,0
121,15,0.8666667,0,0
121,16,0.8666667,0,0
121,17,0.8666667,0,0
121,18,0.8888889,0,0
122,3,0.06666667,2,2
122,4,0.1111111,2,5
122,5,0.1555556,4,6
122,6,0.2222222,4,11
122,7,0.3555556,9,5
122,8,0.4444444,5,7
122,9,0.5111111,4,9
122,10,0.6,4,8
122,11,0.6666667,5,7
122,12,0.7777778,5,2
122,13,0.8444445,2,0
122,14,0.8888889,0,0
122,15,0.8888889,0,0
122,16,0.8888889,0,0
122,17,0.8888889,0,0
122,18,0.8888889,0,0
123,3,0.06666667,2,2
123,4,0.06666667,2,2
123,5,0.06666667,2,2
123,6,0.06666667,2,2
123,7,0.08888889,2,3
123,8,0.1333333,3,5
123,9,0.2,4,5
123,10,0.2444444,5,6
123,11,0.3333333,5,9
123,12,0.4,6,9
123,13,0.5555556,6,7
123,14,0.6888889,5,5
123,15,0.7555556,5,2
123,16,0.8444445,3,0
123,17,0.8888889,0,0
123,18,0.8888889,0,0
124,3,0.06666667,2,2
124,4,0.06666667,2,2
124,5,0.06666667,2,2
124,6,0.06666667,2,2
124,7,0.08888889,2,3
124,8,0.1333333,3,6
124,9,0.1555556,4,7
124,10,0.2222222,7,6
124,11,0.2888889,4,8
124,12,0.3777778,6,7
124,13,0.5111111,6,8
124,14,0.6444445,8,9
124,15,0.8,6,1
124,16,0.8666667,0,0
124,17,0.8666667,0,0
124,18,0.8666667,0,0
125,3,0.06666667,2,2
125,4,0.08888889,2,3
125,5,0.1111111,3,5
125,6,0.1555556,4,6
125,7,0.2,4,4
125,8,0.2666667,3,6
125,9,0.3555556,5,8
125,10,0.4666667,5,8
125,11,0.6222222,6,7
125,12,0.6444445,6,7
125,13,0.7333333,6,4
125,14,0.8222222,3,0
125,15,0.8666667,0,0
125,16,0.8666667,0,0
125,17,0.8888889,0,0
125,18,0.8888889,0,0
126,3,0.06666667,2,2
126,4,0.08888889,2,3
126,5,0.1333333,3,6
126,6,0.2444444,6,10
126,7,0.4,6,8
126,8,0.4444444,5,8
126,9,0.5333334,5,6
126,10,0.6444445,4,8
126,11,0.7777778,4,3
126,12,0.8666667,2,0
126,13,0.8888889,0,0
126,14,0.8888889,0,0
126,15,0.8888889,0,0
126,16,0.8888889,0,0
126,17,0.8888889,0,0
126,18,0.8888889,0,0
127,3,0.06666667,2,2
127,4,0.08888889,2,5
127,5,0.1111111,3,5
127,6,0.1555556,4,5
127,7,0.2222222,2,5
127,8,0.3333333,4,10
127,9,0.4,7,11
127,10,0.5333334,9,8
127,11,0.6444445,8,3
127,12,0.7333333,5,2
127,13,0.8,3,0
127,14,0.8666667,0,0
127,15,0.8666667,0,0
127,16,0.8666667,0,0
127,17,0.8666667,0,0
127,18,0.8666667,0,0
128,3,0.06666667,2,2
128,4,0.08888889,2,5
128,5,0.1111111,3,5
128,6,0.2,4,4
128,7,0.2666667,3,5
128,8,0.3333333,4,10
128,9,0.4666667,7,9
128,10,0.6222222,8,6
128,11,0.7333333,7,5
128,12,0.8222222,2,0
128,13,0.8888889,0,0
128,14,0.8888889,0,0
128,15,0.8888889,0,0
128,16,0.8888889,0,0
128,17,0.8888889,0,0
128,18,0.8888889,0,0
129,3,0.06666667,2,2
129,4,0.06666667,2,2
129,5,0.08888889,2,5
129,6,0.1777778,3,6
129,7,0.2666667,5,8
129,8,0.3333333,5,7
129,9,0.4666667,7,8
129,10,0.6,4,5
129,11,0.6666667,3,5
129,12,0.7333333,4,5
129,13,0.8444445,3,0
129,14,0.8888889,0,0
129,15,0.8888889,0,0
129,16,0.8888889,0,0
129,17,0.8888889,0,0
129,18,0.8888889,0,0
130,3,0.06666667,2,2
130,4,0.1111111,2,5
130,5,0.1555556,4,5
130,6,0.2444444,3,5
130,7,0.3111111,4,8
130,8,0.4222222,5,8
130,9,0.5333334,5,6
130,10,0.6,6,6
130,11,0.7111111,6,4
130,12,0.7777778,4,2
130,13,0.8444445,1,0
130,14,0.8888889,0,0
130,15,0.8888889,0,0
130,16,0.8888889,0,0
130,17,0.8888889,0,0
130,18,0.8888889,0,0
131,3,0.06666667,2,2
131,4,0.08888889,2,3
131,5,0.1555556,3,6
131,6,0.2222222,4,5
131,7,0.2888889,4,6
131,8,0.3777778,5,8
131,9,0.4888889,6,8
131,10,0.6,7,5
131,11,0.7111111,4,5
131,12,0.8,4,3
131,13,0.8444445,3,1
131,14,0.8666667,0,0
131,15,0.8888889,0,0
131,16,0.8888889,0,0
131,17,0.8888889,0,0
131,18,0.8888889,0,0
132,3,0.06666667,2,2
132,4,0.06666667,2,2
132,5,0.08888889,2,3
132,6,0.1111111,3,4
132,7,0.1555556,4,7
132,8,0.2666667,5,7
132,9,0.4,5,9
132,10,0.5111111,4,6
132,11,0.6,4,7
132,12,0.6888889,6,4
132,13,0.7555556,5,4
132,14,0.8,3,3
132,15,0.8666667,0,0
132,16,0.8888889,0,0
132,17,0.8888889,0,0
132,18,0.8888889,0,0
133,3,0.06666667,2,2
133,4,0.1111111,2,5
133,5,0.1333333,3,6
133,6,0.2,4,5
133,7,0.2666667,5,5
133,8,0.3777778,5,7
133,9,0.5555556,7,8
133,10,0.6,7,6
133,11,0.6888889,6,5
133,12,0.7555556,6,5
133,13,0.8444445,2,0
133,14,0.8666667,0,0
133,15,0.8666667,0,0
133,16,0.8888889,0,0
133,17,0.8888889,0,0
133,18,0.8888889,0,0
134,3,0.06666667,2,2
134,4,0.08888889,2,3
134,5,0.1111111,3,4
134,6,0.1333333,3,6
134,7,0.2,3,7
134,8,0.2444444,4,11
134,9,0.3555556,7,10
134,10,0.4666667,9,6
134,11,0.6222222,6,7
134,12,0.7333333,6,5
134,13,0.8222222,2,0
134,14,0.8888889,0,0
134,15,0.8888889,0,0
134,16,0.8888889,0,0
134,17,0.8888889,0,0
134,18,0.8888889,0,0
135,3,0.06666667,2,2
135,4,0.06666667,2,2
135,5,0.08888889,2,3
135,6,0.1555556,3,6
135,7,0.2222222,5,11
135,8,0.4222222,5,9
135,9,0.4888889,7,8
135,10,0.6222222,6,6
135,11,0.7111111,5,3
135,12,0.8222222,3,2
135,13,0.8888889,0,0
135,14,0.8888889,0,0
135,15,0.8888889,0,0
135,16,0.8888889,0,0
135,17,0.8888889,0,0
135,18,0.8888889,0,0
136,3,0.06666667,2,2
136,4,0.1111111,2,5
136,5,0.1555556,4,5
136,6,0.2,4,4
136,7,0.2222222,3,4
136,8,0.2888889,3,8
136,9,0.4222222,6,7
136,10,0.5111111,5,7
136,11,0.6444445,4,7
136,12,0.7555556,7,0
136,13,0.8666667,0,0
136,14,0.8666667,0,0
136,15,0.8666667,0,0
136,16,0.8666667,0,0
136,17,0.8888889,0,0
136,18,0.8888889,0,0
137,3,0.06666667,2,2
137,4,0.08888889,2,3
137,5,0.1111111,3,4
137,6,0.1555556,4,11
137,7,0.2222222,6,12
137,8,0.3333333,8,11
137,9,0.5333334,7,9
137,10,0.6666667,7,6
137,11,0.7333333,5,4
137,12,0.8222222,3,0
137,13,0.8666667,0,0
137,14,0.8888889,0,0
137,15,0.8888889,0,0
137,16,0.8888889,0,0
137,17,0.8888889,0,0
137,18,0.8888889,0,0
138,3,0.06666667,2,2
138,4,0.08888889,2,3
138,5,0.1333333,3,6
138,6,0.2222222,6,10
138,7,0.3333333,4,12
138,8,0.5777778,5,7
138,9,0.6666667,6,6
138,10,0.7555556,5,2
138,11,0.8222222,2,0
138,12,0.8444445,0,0
138,13,0.8666667,0,0
138,14,0.8666667,0,0
138,15,0.8666667,0,0
138,16,0.8888889,0,0
138,17,0.8888889,0,0
138,18,0.8888889,0,0
139,3,0.06666667,2,2
139,4,0.08888889,2,5
139,5,0.1333333,3,5
139,6,0.1555556,3,6
139,7,0.2222222,5,10
139,8,0.3111111,6,10
139,9,0.5333334,7,9
139,10,0.6444445,9,8
139,11,0.6888889,5,7
139,12,0.8,4,0
139,13,0.8444445,2,0
139,14,0.8888889,0,0
139,15,0.8888889,0,0
139,16,0.8888889,0,0
139,17,0.8888889,0,0
139,18,0.8888889,0,0
140,3,0.06666667,2,2
140,4,0.08888889,2,3
140,5,0.1555556,3,6
140,6,0.2222222,2,5
140,7,0.3111111,5,6
140,8,0.4222222,6,7
140,9,0.5555556,5,7
140,10,0.6888889,6,3
140,11,0.7555556,3,3
140,12,0.8,4,0
140,13,0.8666667,1,0
140,14,0.8888889,0,0
140,15,0.8888889,0,0
140,16,0.8888889,0,0
140,17,0.8888889,0,0
140,18,0.8888889,0,0
141,3,0.06666667,2,2
141,4,0.08888889,2,3
141,5,0.1111111,3,5
141,6,0.1777778,4,6
141,7,0.2444444,5,7
141,8,0.3777778,7,9
141,9,0.5777778,7,6
141,10,0.6888889,5,6
141,11,0.7777778,3,3
141,12,0.8666667,0,0
141,13,0.8888889,0,0
141,14,0.8888889,0,0
141,15,0.8888889,0,0
141,16,0.8888889,0,0
141,17,0.8888889,0,0
141,18,0.8888889,0,0
142,3,0.06666667,2,2
142,4,0.1111111,2,5
142,5,0.1555556,4,5
142,6,0.2222222,4,8
142,7,0.4,7,8
142,8,0.5555556,7,9
142,9,0.6666667,5,4
142,10,0.7555556,5,3
142,11,0.8222222,3,2
142,12,0.8666667,2,0
142,13,0.8888889,0,0
142,14,0.8888889,0,0
142,15,0.8888889,0,0
142,16,0.8888889,0,0
142,17,0.8888889,0,0
142,18,0.8888889,0,0
143,3,0.06666667,2,2
143,4,0.1111111,2,5
143,5,0.1555556,4,3
143,6,0.2444444,3,5
143,7,0.3333333,5,10
143,8,0.4222222,7,11
143,9,0.5555556,8,5
143,10,0.6888889,5,5
143,11,0.7333333,5,4
143,12,0.8222222,4,1
143,13,0.8666667,0,0
143,14,0.8666667,0,0
143,15,0.8888889,0,0
143,16,0.8888889,0,0
143,17,0.8888889,0,0
143,18,0.8888889,0,0
144,3,0.06666667,2,2
144,4,0.1111111,2,5
144,5,0.1333333,3,5
144,6,0.2,2,4
144,7,0.2444444,2,6
144,8,0.3333333,5,9
144,9,0.4888889,7,8
144,10,0.6222222,6,5
144,11,0.6666667,4,5
144,12,0.7333333,4,4
144,13,0.8,3,0
144,14,0.8888889,0,0
144,15,0.8888889,0,0
144,16,0.8888889,0,0
144,17,0.8888889,0,0
144,18,0.8888889,0,0
145,3,0.06666667,2,2
145,4,0.08888889,2,5
145,5,0.1111111,3,5
145,6,0.1111111,3,5
145,7,0.1555556,4,4
145,8,0.2444444,4,4
145,9,0.2888889,4,8
145,10,0.4222222,6,7
145,11,0.5333334,6,8
145,12,0.6888889,6,5
145,13,0.8222222,2,0
145,14,0.8666667,0,0
145,15,0.8666667,0,0
145,16,0.8666667,0,0
145,17,0.8666667,0,0
145,18,0.8666667,0,0
146,3,0.06666667,2,2
146,4,0.08888889,2,5
146,5,0.1777778,4,6
146,6,0.2666667,5,5
146,7,0.3555556,6,9
146,8,0.4666667,6,10
146,9,0.6,8,7
146,10,0.7777778,8,1
146,11,0.8666667,0,0
146,12,0.8888889,0,0
146,13,0.8888889,0,0
146,14,0.8888889,0,0
146,15,0.8888889,0,0
146,16,0.8888889,0,0
146,17,0.8888889,0,0
146,18,0.8888889,0,0
147,3,0.06666667,2,2
147,4,0.08888889,2,5
147,5,0.1111111,3,6
147,6,0.1555556,4,4
147,7,0.2666667,4,4
147,8,0.3111111,4,7
147,9,0.3777778,4,9
147,10,0.4888889,7,11
147,11,0.6222222,8,6
147,12,0.7333333,6,4
147,13,0.8222222,5,2
147,14,0.8666667,2,0
147,15,0.8666667,2,0
147,16,0.8888889,0,0
147,17,0.8888889,0,0
147,18,0.8888889,0,0
148,3,0.06666667,2,2
148,4,0.1111111,2,5
148,5,0.1555556,4,5
148,6,0.2222222,4,8
148,7,0.2888889,4,8
148,8,0.3777778,6,10
148,9,0.5333334,7,8
148,10,0.6666667,7,6
148,11,0.8222222,5,2
148,12,0.8666667,0,0
148,13,0.8666667,0,0
148,14,0.8888889,0,0
148,15,0.8888889,0,0
148,16,0.8888889,0,0
148,17,0.8888889,0,0
148,18,0.8888889,0,0
149,3,0.06666667,2,2
149,4,0.06666667,2,2
149,5,0.06666667,2,2
149,6,0.1111111,2,5
149,7,0.2,3,7
149,8,0.2666667,5,10
149,9,0.4444444,8,12
149,10,0.5777778,8,8
149,11,0.7333333,7,6
149,12,0.8444445,2,2
149,13,0.8888889,0,0
149,14,0.8888889,0,0
149,15,0.8888889,0,0
149,16,0.8888889,0,0
149,17,0.8888889,0,0
149,18,0.8888889,0,0
150,3,0.06666667,2,2
150,4,0.1111111,2,5
150,5,0.1777778,4,7
150,6,0.2666667,5,8
150,7,0.3777778,5,9
150,8,0.4666667,5,8
150,9,0.6222222,5,8
150,10,0.7777778,4,2
150,11,0.8666667,2,0
150,12,0.8888889,0,0
150,13,0.8888889,0,0
150,14,0.8888889,0,0
150,15,0.8888889,0,0
150,16,0.8888889,0,0
150,17,0.8888889,0,0
150,18,0.8888889,0,0
151,3,0.06666667,2,2
151,4,0.06666667,2,2
151,5,0.08888889,2,5
151,6,0.1555556,4,6
151,7,0.2222222,4,6
151,8,0.3111111,5,7
151,9,0.4,6,9
151,10,0.5555556,5,8
151,11,0.6222222,5,7
151,12,0.7333333,5,3
151,13,0.8,3,3
151,14,0.8222222,3,2
151,15,0.8444445,3,0
151,16,0.8666667,1,0
151,17,0.8888889,0,0
151,18,0.8888889,0,0
152,3,0.06666667,2,2
152,4,0.08888889,2,5
152,5,0.1111111,3,5
152,6,0.1555556,5,4
152,7,0.2,4,4
152,8,0.2666667,3,8
152,9,0.3777778,7,11
152,10,0.4888889,9,6
152,11,0.6,6,7
152,12,0.6888889,6,6
152,13,0.7777778,4,4
152,14,0.8444445,2,0
152,15,0.8666667,0,0
152,16,0.8888889,0,0
152,17,0.8888889,0,0
152,18,0.8888889,0,0
153,3,0.06666667,2,2
153,4,0.06666667,2,2
153,5,0.08888889,2,5
153,6,0.1777778,4,3
153,7,0.2444444,3,8
153,8,0.3111111,4,9
153,9,0.4444444,8,12
153,10,0.6666667,9,4
153,11,0.7555556,6,3
153,12,0.8666667,0,0
153,13,0.8666667,0,0
153,14,0.8888889,0,0
153,15,0.8888889,0,0
153,16,0.8888889,0,0
153,17,0.8888889,0,0
153,18,0.8888889,0,0
154,3,0.06666667,2,2
154,4,0.1111111,2,5
154,5,0.1555556,4,3
154,6,0.2,2,4
154,7,0.2222222,3,4
154,8,0.2888889,3,8
154,9,0.4,6,8
154,10,0.4888889,6,8
154,11,0.6,6,7
154,12,0.6666667,8,3
154,13,0.8,4,0
154,14,0.8222222,3,0
154,15,0.8444445,1,0
154,16,0.8666667,1,0
154,17,0.8666667,1,0
154,18,0.8888889,0,0
155,3,0.06666667,2,2
155,4,0.06666667,2,2
155,5,0.08888889,2,5
155,6,0.08888889,2,5
155,7,0.1111111,2,5
155,8,0.1333333,3,5
155,9,0.2222222,4,5
155,10,0.2888889,4,9
155,11,0.4,6,8
155,12,0.5333334,6,8
155,13,0.6888889,8,5
155,14,0.7777778,5,2
155,15,0.8222222,3,0
155,16,0.8888889,0,0
155,17,0.8888889,0,0
155,18,0.8888889,0,0
156,3,0.06666667,2,2
156,4,0.06666667,2,2
156,5,0.08888889,2,3
156,6,0.1111111,3,4
156,7,0.1333333,4,9
156,8,0.2888889,7,13
156,9,0.4222222,11,14
156,10,0.5555556,11,9
156,11,0.7555556,5,0
156,12,0.8444445,2,0
156,13,0.8888889,0,0
156,14,0.8888889,0,0
156,15,0.8888889,0,0
156,16,0.8888889,0,0
156,17,0.8888889,0,0
156,18,0.8888889,0,0
157,3,0.06666667,2,2
157,4,0.1111111,2,5
157,5,0.1555556,4,6
157,6,0.2222222,3,4
157,7,0.2888889,3,8
157,8,0.3555556,5,9
157,9,0.4666667,5,7
157,10,0.6,4,7
157,11,0.7111111,6,4
157,12,0.8,5,0
157,13,0.8666667,2,0
157,14,0.8888889,0,0
157,15,0.8888889,0,0
157,16,0.8888889,0,0
157,17,0.8888889,0,0
157,18,0.8888889,0,0
158,3,0.06666667,2,2
158,4,0.08888889,2,3
158,5,0.1333333,3,6
158,6,0.2444444,5,9
158,7,0.3333333,8,6
158,8,0.5111111,3,6
158,9,0.5555556,4,8
158,10,0.6222222,5,6
158,11,0.7111111,4,7
158,12,0.7777778,6,0
158,13,0.8444445,1,0
158,14,0.8666667,0,0
158,15,0.8666667,0,0
158,16,0.8888889,0,0
158,17,0.8888889,0,0
158,18,0.8888889,0,0
159,3,0.06666667,2,2
159,4,0.1111111,2,5
159,5,0.1333333,3,5
159,6,0.1777778,4,6
159,7,0.2444444,4,8
159,8,0.3555556,8,8
159,9,0.4666667,8,10
159,10,0.5777778,7,8
159,11,0.6222222,7,7
159,12,0.7333333,6,2
159,13,0.8,4,0
159,14,0.8666667,0,0
159,15,0.8666667,0,0
159,16,0.8888889,0,0
159,17,0.8888889,0,0
159,18,0.8888889,0,0
160,3,0.06666667,2,2
160,4,0.1111111,2,5
160,5,0.1555556,4,3
160,6,0.2222222,2,4
160,7,0.2666667,4,6
160,8,0.3555556,4,9
160,9,0.4888889,5,10
160,10,0.6444445,8,6
160,11,0.8,2,2
160,12,0.8444445,2,0
160,13,0.8666667,0,0
160,14,0.8888889,0,0
160,15,0.8888889,0,0
160,16,0.8888889,0,0
160,17,0.8888889,0,0
160,18,0.8888889,0,0
161,3,0.06666667,2,2
161,4,0.08888889,2,3
161,5,0.1111111,3,4
161,6,0.1777778,4,11
161,7,0.2888889,8,11
161,8,0.4,7,10
161,9,0.5111111,5,8
161,10,0.6,6,8
161,11,0.7111111,6,6
161,12,0.7777778,7,0
161,13,0.8666667,1,0
161,14,0.8888889,0,0
161,15,0.8888889,0,0
161,16,0.8888889,0,0
161,17,0.8888889,0,0
161,18,0.8888889,0,0
162,3,0.06666667,2,2
162,4,0.08888889,2,5
162,5,0.1333333,3,6
162,6,0.1555556,4,6
162,7,0.2444444,3,4
162,8,0.3111111,4,5
162,9,0.3777778,4,8
162,10,0.4666667,4,8
162,11,0.5333334,7,8
162,12,0.6666667,8,5
162,13,0.8222222,3,0
162,14,0.8444445,1,0
162,15,0.8666667,0,0
162,16,0.8666667,0,0
162,17,0.8666667,0,0
162,18,0.8666667,0,0
163,3,0.06666667,2,2
163,4,0.08888889,2,3
163,5,0.08888889,2,3
163,6,0.08888889,2,3
163,7,0.1111111,3,5
163,8,0.1777778,3,6
163,9,0.2444444,5,4
163,10,0.3333333,5,9
163,11,0.4666667,7,6
163,12,0.6444445,5,6
163,13,0.7111111,5,3
163,14,0.8222222,4,2
163,15,0.8888889,0,0
163,16,0.8888889,0,0
163,17,0.8888889,0,0
163,18,0.8888889,0,0
164,3,0.06666667,2,2
164,4,0.1111111,2,5
164,5,0.1333333,3,6
164,6,0.2222222,4,11
164,7,0.2888889,5,12
164,8,0.4888889,10,9
164,9,0.6444445,8,6
164,10,0.6888889,8,4
164,11,0.7555556,7,3
164,12,0.8222222,4,2
164,13,0.8444445,3,1
164,14,0.8666667,0,0
164,15,0.8888889,0,0
164,16,0.8888889,0,0
164,17,0.8888889,0,0
164,18,0.8888889,0,0
165,3,0.06666667,2,2
165,4,0.06666667,2,2
165,5,0.1111111,2,5
165,6,0.1333333,3,5
165,7,0.1777778,4,10
165,8,0.2888889,7,9
165,9,0.4,9,11
165,10,0.5555556,9,8
165,11,0.6888889,7,7
165,12,0.7555556,6,3
165,13,0.8222222,4,0
165,14,0.8666667,0,0
165,15,0.8888889,0,0
165,16,0.8888889,0,0
165,17,0.8888889,0,0
165,18,0.8888889,0,0
166,3,0.06666667,2,2
166,4,0.08888889,2,5
166,5,0.1333333,4,6
166,6,0.2444444,4,10
166,7,0.3555556,8,7
166,8,0.4888889,6,8
166,9,0.6,6,8
166,10,0.7111111,5,5
166,11,0.8222222,2,0
166,12,0.8666667,0,0
166,13,0.8666667,0,0
166,14,0.8888889,0,0
166,15,0.8888889,0,0
166,16,0.8888889,0,0
166,17,0.8888889,0,0
166,18,0.8888889,0,0
167,3,0.06666667,2,2
167,4,0.08888889,2,5
167,5,0.1333333,4,5
167,6,0.2222222,4,8
167,7,0.3555556,6,12
167,8,0.5333334,12,7
167,9,0.6444445,8,5
167,10,0.7333333,6,3
167,11,0.7777778,4,2
167,12,0.8444445,0,0
167,13,0.8666667,0,0
167,14,0.8666667,0,0
167,15,0.8888889,0,0
167,16,0.8888889,0,0
167,17,0.8888889,0,0
167,18,0.8888889,0,0
168,3,0.06666667,2,2
168,4,0.06666667,2,2
168,5,0.08888889,2,5
168,6,0.1111111,3,5
168,7,0.2,2,3
168,8,0.2444444,3,5
168,9,0.2888889,4,9
168,10,0.3777778,6,11
168,11,0.5333334,10,7
168,12,0.6444445,5,6
168,13,0.7555556,4,4
168,14,0.8444445,2,0
168,15,0.8444445,2,0
168,16,0.8888889,0,0
168,17,0.8888889,0,0
168,18,0.8888889,0,0
169,3,0.06666667,2,2
169,4,0.08888889,2,3
169,5,0.1111111,2,5
169,6,0.2,3,7
169,7,0.2444444,5,9
169,8,0.3555556,6,8
169,9,0.4666667,7,10
169,10,0.5555556,9,10
169,11,0.7333333,7,3
169,12,0.8666667,2,0
169,13,0.8666667,2,0
169,14,0.8666667,2,0
169,15,0.8888889,0,0
169,16,0.8888889,0,0
169,17,0.8888889,0,0
169,18,0.8888889,0,0
170,3,0.06666667,2,2
170,4,0.08888889,2,3
170,5,0.1333333,3,6
170,6,0.2444444,4,10
170,7,0.3777778,8,8
170,8,0.4666667,7,10
170,9,0.6222222,7,5
170,10,0.7555556,5,3
170,11,0.8,4,2
170,12,0.8444445,3,0
170,13,0.8666667,1,0
170,14,0.8666667,1,0
170,15,0.8888889,0,0
170,16,0.8888889,0,0
170,17,0.8888889,0,0
170,18,0.8888889,0,0
171,3,0.06666667,2,2
171,4,0.08888889,2,5
171,5,0.1555556,4,6
171,6,0.1777778,3,6
171,7,0.3111111,4,8
171,8,0.3555556,6,9
171,9,0.4888889,4,6
171,10,0.6,7,7
171,11,0.7333333,4,3
171,12,0.7777778,3,3
171,13,0.8,3,2
171,14,0.8444445,2,0
171,15,0.8666667,2,0
171,16,0.8888889,0,0
171,17,0.8888889,0,0
171,18,0.8888889,0,0
172,3,0.06666667,2,2
172,4,0.08888889,2,3
172,5,0.1111111,2,5
172,6,0.1555556,4,3
172,7,0.2444444,3,5
172,8,0.2444444,3,5
172,9,0.3333333,5,9
172,10,0.4666667,3,6
172,11,0.5333334,3,7
172,12,0.5777778,5,5
172,13,0.7111111,5,5
172,14,0.8,4,3
172,15,0.8666667,0,0
172,16,0.8888889,0,0
172,17,0.8888889,0,0
172,18,0.8888889,0,0
173,3,0.06666667,2,2
173,4,0.08888889,2,3
173,5,0.1111111,3,5
173,6,0.2,4,4
173,7,0.2666667,3,8
173,8,0.3777778,6,10
173,9,0.5333334,8,8
173,10,0.6888889,7,3
173,11,0.7555556,5,3
173,12,0.8222222,4,0
173,13,0.8888889,0,0
173,14,0.8888889,0,0
173,15,0.8888889,0,0
173,16,0.8888889,0,0
173,17,0.8888889,0,0
173,18,0.8888889,0,0
174,3,0.06666667,2,2
174,4,0.08888889,2,3
174,5,0.1333333,3,6
174,6,0.1777778,4,4
174,7,0.2444444,3,5
174,8,0.2888889,4,6
174,9,0.3333333,5,8
174,10,0.3777778,5,9
174,11,0.5333334,6,7
174,12,0.6222222,6,7
174,13,0.7111111,5,5
174,14,0.8222222,2,0
174,15,0.8888889,0,0
174,16,0.8888889,0,0
174,17,0.8888889,0,0
174,18,0.8888889,0,0
175,3,0.06666667,2,2
175,4,0.06666667,2,2
175,5,0.08888889,2,3
175,6,0.1111111,2,5
175,7,0.1777778,3,6
175,8,0.2222222,3,10
175,9,0.3111111,6,10
175,10,0.4888889,9,10
175,11,0.6444445,6,5
175,12,0.7333333,5,3
175,13,0.8666667,2,0
175,14,0.8666667,2,0
175,15,0.8666667,2,0
175,16,0.8888889,0,0
175,17,0.8888889,0,0
175,18,0.8888889,0,0
176,3,0.06666667,2,2
176,4,0.1111111,2,5
176,5,0.1777778,4,4
176,6,0.2666667,3,9
176,7,0.4666667,7,8
176,8,0.5333334,6,8
176,9,0.6444445,5,6
176,10,0.7111111,5,5
176,11,0.8222222,3,0
176,12,0.8888889,0,0
176,13,0.8888889,0,0
176,14,0.8888889,0,0
176,15,0.8888889,0,0
176,16,0.8888889,0,0
176,17,0.8888889,0,0
176,18,0.8888889,0,0
177,3,0.06666667,2,2
177,4,0.08888889,2,3
177,5,0.1111111,3,5
177,6,0.1555556,5,5
177,7,0.2,6,9
177,8,0.2666667,4,11
177,9,0.4666667,9,12
177,10,0.6222222,7,9
177,11,0.8,4,2
177,12,0.8222222,3,0
177,13,0.8666667,1,0
177,14,0.8888889,0,0
177,15,0.8888889,0,0
177,16,0.8888889,0,0
177,17,0.8888889,0,0
177,18,0.8888889,0,0
178,3,0.06666667,2,2
178,4,0.1111111,2,5
178,5,0.1555556,4,6
178,6,0.2,4,10
178,7,0.3777778,8,10
178,8,0.4444444,7,10
178,9,0.5777778,9,10
178,10,0.6888889,9,3
178,11,0.8,3,0
178,12,0.8888889,0,0
178,13,0.8888889,0,0
178,14,0.8888889,0,0
178,15,0.8888889,0,0
178,16,0.8888889,0,0
178,17,0.8888889,0,0
178,18,0.8888889,0,0
179,3,0.06666667,2,2
179,4,0.08888889,2,5
179,5,0.1333333,4,6
179,6,0.1777778,4,6
179,7,0.2444444,4,10
179,8,0.3555556,7,10
179,9,0.4666667,8,8
179,10,0.6444445,4,5
179,11,0.7777778,5,3
179,12,0.8222222,3,2
179,13,0.8444445,3,0
179,14,0.8666667,0,0
179,15,0.8888889,0,0
179,16,0.8888889,0,0
179,17,0.8888889,0,0
179,18,0.8888889,0,0
180,3,0.06666667,2,2
180,4,0.08888889,2,3
180,5,0.1555556,3,6
180,6,0.2666667,4,9
180,7,0.3333333,5,9
180,8,0.4444444,5,9
180,9,0.5111111,5,8
180,10,0.6444445,4,5
180,11,0.7333333,3,4
180,12,0.8,4,0
180,13,0.8666667,0,0
180,14,0.8666667,0,0
180,15,0.8888889,0,0
180,16,0.8888889,0,0
180,17,0.8888889,0,0
180,18,0.8888889,0,0
181,3,0.06666667,2,2
181,4,0.08888889,2,5
181,5,0.1555556,4,3
181,6,0.2222222,3,4
181,7,0.2666667,4,4
181,8,0.2666667,4,4
181,9,0.2888889,4,8
181,10,0.3333333,5,11
181,11,0.4888889,7,9
181,12,0.6,8,8
181,13,0.6888889,7,5
181,14,0.8,4,0
181,15,0.8444445,0,0
181,16,0.8888889,0,0
181,17,0.8888889,0,0
181,18,0.8888889,0,0
182,3,0.06666667,2,2
182,4,0.06666667,2,2
182,5,0.06666667,2,2
182,6,0.08888889,2,3
182,7,0.1333333,3,6
182,8,0.2222222,5,8
182,9,0.2888889,7,9
182,10,0.4444444,5,7
182,11,0.5777778,6,8
182,12,0.6444445,8,6
182,13,0.7555556,5,2
182,14,0.8,4,0
182,15,0.8666667,0,0
182,16,0.8888889,0,0
182,17,0.8888889,0,0
182,18,0.8888889,0,0
183,3,0.06666667,2,2
183,4,0.08888889,2,5
183,5,0.08888889,2,5
183,6,0.1555556,4,5
183,7,0.2222222,4,8
183,8,0.3111111,6,11
183,9,0.5333334,8,9
183,10,0.6666667,9,5
183,11,0.7333333,7,2
183,12,0.8666667,2,0
183,13,0.8888889,0,0
183,14,0.8888889,0,0
183,15,0.8888889,0,0
183,16,0.8888889,0,0
183,17,0.8888889,0,0
183,18,0.8888889,0,0
184,3,0.06666667,2,2
184,4,0.06666667,2,2
184,5,0.08888889,2,5
184,6,0.1555556,4,6
184,7,0.2444444,4,7
184,8,0.3333333,6,10
184,9,0.5111111,6,6
184,10,0.6,6,6
184,11,0.7111111,5,4
184,12,0.8444445,2,0
184,13,0.8888889,0,0
184,14,0.8888889,0,0
184,15,0.8888889,0,0
184,16,0.8888889,0,0
184,17,0.8888889,0,0
184,18,0.8888889,0,0
185,3,0.06666667,2,2
185,4,0.1111111,2,5
185,5,0.2,4,5
185,6,0.2666667,4,9
185,7,0.3777778,5,9
185,8,0.5111111,5,8
185,9,0.6222222,7,5
185,10,0.7555556,4,4
185,11,0.8222222,2,2
185,12,0.8666667,0,0
185,13,0.8888889,0,0
185,14,0.8888889,0,0
185,15,0.8888889,0,0
185,16,0.8888889,0,0
185,17,0.8888889,0,0
185,18,0.8888889,0,0
186,3,0.06666667,2,2
186,4,0.08888889,2,3
186,5,0.1333333,3,6
186,6,0.2444444,5,9
186,7,0.3111111,6,8
186,8,0.4,5,9
186,9,0.4888889,5,8
186,10,0.6,4,7
186,11,0.6888889,4,5
186,12,0.7555556,4,4
186,13,0.8222222,3,2
186,14,0.8444445,2,0
186,15,0.8666667,0,0
186,16,0.8888889,0,0
186,17,0.8888889,0,0
186,18,0.8888889,0,0
187,3,0.06666667,2,2
187,4,0.1111111,2,5
187,5,0.1555556,4,6
187,6,0.2,5,7
187,7,0.2444444,6,4
187,8,0.3555556,4,10
187,9,0.5333334,7,8
187,10,0.6,7,7
187,11,0.7333333,5,4
187,12,0.8,4,0
187,13,0.8666667,2,0
187,14,0.8666667,2,0
187,15,0.8888889,0,0
187,16,0.8888889,0,0
187,17,0.8888889,0,0
187,18,0.8888889,0,0
188,3,0.06666667,2,2
188,4,0.08888889,2,5
188,5,0.1555556,4,6
188,6,0.2,4,4
188,7,0.2444444,5,4
188,8,0.3111111,5,7
188,9,0.4444444,6,8
188,10,0.5777778,5,9
188,11,0.6666667,7,6
188,12,0.8222222,3,0
188,13,0.8888889,0,0
188,14,0.8888889,0,0
188,15,0.8888889,0,0
188,16,0.8888889,0,0
188,17,0.8888889,0,0
188,18,0.8888889,0,0
189,3,0.06666667,2,2
189,4,0.1111111,2,5
189,5,0.1777778,5,7
189,6,0.2666667,4,12
189,7,0.4444444,7,12
189,8,0.6,10,6
189,9,0.7111111,8,2
189,10,0.8444445,1,0
189,11,0.8666667,1,0
189,12,0.8888889,0,0
189,13,0.8888889,0,0
189,14,0.8888889,0,0
189,15,0.8888889,0,0
189,16,0.8888889,0,0
189,17,0.8888889,0,0
189,18,0.8888889,0,0
190,3,0.06666667,2,2
190,4,0.06666667,2,2
190,5,0.08888889,2,5
190,6,0.1777778,4,3
190,7,0.2666667,3,8
190,8,0.3333333,5,8
190,9,0.4222222,6,8
190,10,0.5555556,7,7
190,11,0.6888889,6,5
190,12,0.7777778,5,2
190,13,0.8666667,0,0
190,14,0.8888889,0,0
190,15,0.8888889,0,0
190,16,0.8888889,0,0
190,17,0.8888889,0,0
190,18,0.8888889,0,0
191,3,0.06666667,2,2
191,4,0.08888889,2,5
191,5,0.1333333,3,6
191,6,0.2,3,6
191,7,0.2888889,5,7
191,8,0.3333333,6,5
191,9,0.4666667,5,9
191,10,0.5777778,6,6
191,11,0.7111111,4,5
191,12,0.7777778,4,3
191,13,0.8,3,3
191,14,0.8444445,3,0
191,15,0.8444445,3,0
191,16,0.8888889,0,0
191,17,0.8888889,0,0
191,18,0.8888889,0,0
192,3,0.06666667,2,2
192,4,0.1111111,2,5
192,5,0.1333333,3,5
192,6,0.2222222,4,5
192,7,0.3111111,4,8
192,8,0.4222222,6,9
192,9,0.5777778,7,8
192,10,0.7333333,5,4
192,11,0.8,3,2
192,12,0.8222222,3,0
192,13,0.8888889,0,0
192,14,0.8888889,0,0
192,15,0.8888889,0,0
192,16,0.8888889,0,0
192,17,0.8888889,0,0
192,18,0.8888889,0,0
193,3,0.06666667,2,2
193,4,0.08888889,2,5
193,5,0.1333333,3,5
193,6,0.1777778,5,6
193,7,0.2444444,5,10
193,8,0.4,4,8
193,9,0.4666667,6,9
193,10,0.5777778,7,8
193,11,0.7111111,4,5
193,12,0.8,4,3
193,13,0.8222222,3,2
193,14,0.8444445,2,0
193,15,0.8888889,0,0
193,16,0.8888889,0,0
193,17,0.8888889,0,0
193,18,0.8888889,0,0
194,3,0.06666667,2,2
194,4,0.08888889,2,3
194,5,0.1111111,3,4
194,6,0.1333333,4,9
194,7,0.2666667,7,12
194,8,0.4666667,11,11
194,9,0.7111111,7,3
194,10,0.8444445,2,2
194,11,0.8444445,2,2
194,12,0.8666667,2,0
194,13,0.8888889,0,0
194,14,0.8888889,0,0
194,15,0.8888889,0,0
194,16,0.8888889,0,0
194,17,0.8888889,0,0
194,18,0.8888889,0,0
195,3,0.06666667,2,2
195,4,0.1111111,2,5
195,5,0.2,4,4
195,6,0.2888889,5,9
195,7,0.4,7,10
195,8,0.4666667,9,10
195,9,0.6666667,6,6
195,10,0.7333333,5,5
195,11,0.8444445,2,2
195,12,0.8888889,0,0
195,13,0.8888889,0,0
195,14,0.8888889,0,0
195,15,0.8888889,0,0
195,16,0.8888889,0,0
195,17,0.8888889,0,0
195,18,0.8888889,0,0
196,3,0.06666667,2,2
196,4,0.08888889,2,3
196,5,0.1333333,3,6
196,6,0.2444444,5,9
196,7,0.4,5,10
196,8,0.4888889,7,9
196,9,0.6222222,5,7
196,10,0.7111111,8,6
196,11,0.8444445,2,0
196,12,0.8444445,2,0
196,13,0.8888889,0,0
196,14,0.8888889,0,0
196,15,0.8888889,0,0
196,16,0.8888889,0,0
196,17,0.8888889,0,0
196,18,0.8888889,0,0
197,3,0.06666667,2,2
197,4,0.1111111,2,5
197,5,0.1111111,2,5
197,6,0.1555556,3,6
197,7,0.2444444,5,6
197,8,0.3333333,5,5
197,9,0.4222222,4,10
197,10,0.4888889,6,9
197,11,0.6222222,7,9
197,12,0.7555556,8,0
197,13,0.8222222,4,0
197,14,0.8444445,2,0
197,15,0.8666667,0,0
197,16,0.8666667,0,0
197,17,0.8666667,0,0
197,18,0.8666667,0,0
198,3,0.06666667,2,2
198,4,0.08888889,2,5
198,5,0.2,4,4
198,6,0.2222222,4,8
198,7,0.3111111,7,8
198,8,0.4444444,7,8
198,9,0.5555556,6,9
198,10,0.6888889,7,5
198,11,0.7777778,4,2
198,12,0.8666667,0,0
198,13,0.8666667,0,0
198,14,0.8888889,0,0
198,15,0.8888889,0,0
198,16,0.8888889,0,0
198,17,0.8888889,0,0
198,18,0.8888889,0,0
199,3,0.06666667,2,2
199,4,0.1111111,2,5
199,5,0.1777778,4,4
199,6,0.2666667,4,6
199,7,0.2888889,5,7
199,8,0.3555556,6,6
199,9,0.4666667,5,10
199,10,0.6,5,9
199,11,0.7333333,5,3
199,12,0.8666667,0,0
199,13,0.8666667,0,0
199,14,0.8666667,0,0
199,15,0.8888889,0,0
199,16,0.8888889,0,0
199,17,0.8888889,0,0
199,18,0.8888889,0,0
200,3,0.06666667,2,2
200,4,0.08888889,2,5
200,5,0.1333333,4,6
200,6,0.1555556,4,4
200,7,0.2,4,5
200,8,0.2444444,4,5
200,9,0.3333333,4,11
200,10,0.5555556,8,7
200,11,0.7555556,4,3
200,12,0.8666667,2,0
200,13,0.8888889,0,0
200,14,0.8888889,0,0
200,15,0.8888889,0,0
200,16,0.8888889,0,0
200,17,0.8888889,0,0
200,18,0.8888889,0,0
201,3,0.06666667,2,2
201,4,0.08888889,2,5
201,5,0.1555556,4,5
201,6,0.2,4,4
201,7,0.2444444,3,4
201,8,0.2666667,3,5
201,9,0.3111111,5,9
201,10,0.3777778,6,10
201,11,0.4666667,7,9
201,12,0.6444445,7,7
201,13,0.7555556,7,0
201,14,0.8,4,0
201,15,0.8888889,0,0
201,16,0.8888889,0,0
201,17,0.8888889,0,0
201,18,0.8888889,0,0
202,3,0.06666667,2,2
202,4,0.08888889,2,5
202,5,0.1777778,3,6
202,6,0.2222222,4,8
202,7,0.3111111,5,7
202,8,0.4,7,9
202,9,0.6,5,8
202,10,0.7111111,4,4
202,11,0.7777778,4,2
202,12,0.8222222,2,0
202,13,0.8888889,0,0
202,14,0.8888889,0,0
202,15,0.8888889,0,0
202,16,0.8888889,0,0
202,17,0.8888889,0,0
202,18,0.8888889,0,0
203,3,0.06666667,2,2
203,4,0.08888889,2,3
203,5,0.1111111,2,5
203,6,0.1777778,4,4
203,7,0.2444444,3,10
203,8,0.4,7,9
203,9,0.5333334,5,7
203,10,0.6444445,4,7
203,11,0.7333333,5,4
203,12,0.8444445,2,0
203,13,0.8888889,0,0
203,14,0.8888889,0,0
203,15,0.8888889,0,0
203,16,0.8888889,0,0
203,17,0.8888889,0,0
203,18,0.8888889,0,0
204,3,0.06666667,2,2
204,4,0.06666667,2,2
204,5,0.06666667,2,2
204,6,0.08888889,2,3
204,7,0.1333333,3,5
204,8,0.2,4,5
204,9,0.2666667,3,5
204,10,0.3555556,5,9
204,11,0.5111111,5,8
204,12,0.6222222,5,5
204,13,0.6888889,7,5
204,14,0.7555556,7,3
204,15,0.8444445,2,2
204,16,0.8666667,2,0
204,17,0.8888889,0,0
204,18,0.8888889,0,0
205,3,0.06666667,2,2
205,4,0.08888889,2,5
205,5,0.1111111,3,5
205,6,0.1777778,3,3
205,7,0.2,2,3
205,8,0.2666667,3,8
205,9,0.4,6,11
205,10,0.5555556,10,6
205,11,0.6888889,5,5
205,12,0.7555556,6,2
205,13,0.8444445,2,0
205,14,0.8666667,2,0
205,15,0.8888889,0,0
205,16,0.8888889,0,0
205,17,0.8888889,0,0
205,18,0.8888889,0,0
206,3,0.06666667,2,2
206,4,0.06666667,2,2
206,5,0.08888889,2,3
206,6,0.1333333,3,5
206,7,0.1777778,4,7
206,8,0.2,3,7
206,9,0.2666667,5,11
206,10,0.4222222,4,7
206,11,0.5111111,3,7
206,12,0.6,4,7
206,13,0.6666667,5,6
206,14,0.7777778,5,2
206,15,0.8444445,0,0
206,16,0.8666667,0,0
206,17,0.8666667,0,0
206,18,0.8666667,0,0
207,3,0.06666667,2,2
207,4,0.06666667,2,2
207,5,0.08888889,2,5
207,6,0.1333333,3,5
207,7,0.1555556,4,6
207,8,0.2,3,6
207,9,0.3111111,3,10
207,10,0.4888889,9,7
207,11,0.5777778,8,7
207,12,0.6888889,7,4
207,13,0.7555556,4,2
207,14,0.8666667,1,0
207,15,0.8888889,0,0
207,16,0.8888889,0,0
207,17,0.8888889,0,0
207,18,0.8888889,0,0
208,3,0.06666667,2,2
208,4,0.1111111,2,5
208,5,0.1777778,4,4
208,6,0.2444444,3,10
208,7,0.3777778,6,9
208,8,0.4888889,7,8
208,9,0.6666667,4,6
208,10,0.7777778,4,4
208,11,0.8666667,2,0
208,12,0.8888889,0,0
208,13,0.8888889,0,0
208,14,0.8888889,0,0
208,15,0.8888889,0,0
208,16,0.8888889,0,0
208,17,0.8888889,0,0
208,18,0.8888889,0,0
209,3,0.06666667,2,2
209,4,0.08888889,2,5
209,5,0.2,4,4
209,6,0.2666667,3,8
209,7,0.4,7,8
209,8,0.5111111,6,10
209,9,0.6,6,7
209,10,0.7333333,5,4
209,11,0.8444445,1,0
209,12,0.8444445,1,0
209,13,0.8444445,1,0
209,14,0.8666667,0,0
209,15,0.8666667,0,0
209,16,0.8888889,0,0
209,17,0.8888889,0,0
209,18,0.8888889,0,0
210,3,0.06666667,2,2
210,4,0.08888889,2,5
210,5,0.1777778,5,4
210,6,0.2222222,3,4
210,7,0.2666667,3,8
210,8,0.3333333,3,6
210,9,0.4444444,7,8
210,10,0.5555556,5,8
210,11,0.7111111,4,5
210,12,0.7555556,3,4
210,13,0.8222222,3,2
210,14,0.8666667,2,0
210,15,0.8666667,2,0
210,16,0.8888889,0,0
210,17,0.8888889,0,0
210,18,0.8888889,0,0
211,3,0.06666667,2,2
211,4,0.1111111,2,5
211,5,0.1555556,4,3
211,6,0.1777778,4,4
211,7,0.2444444,3,5
211,8,0.2888889,4,6
211,9,0.3111111,5,6
211,10,0.3777778,6,9
211,11,0.5111111,5,7
211,12,0.6,5,7
211,13,0.7333333,6,4
211,14,0.8444445,3,0
211,15,0.8888889,0,0
211,16,0.8888889,0,0
211,17,0.8888889,0,0
211,18,0.8888889,0,0
212,3,0.06666667,2,2
212,4,0.08888889,2,5
212,5,0.1333333,4,6
212,6,0.2,4,4
212,7,0.2888889,4,4
212,8,0.3555556,4,9
212,9,0.4888889,6,6
212,10,0.6222222,4,7
212,11,0.7555556,3,5
212,12,0.8444445,2,0
212,13,0.8666667,0,0
212,14,0.8888889,0,0
212,15,0.8888889,0,0
212,16,0.8888889,0,0
212,17,0.8888889,0,0
212,18,0.8888889,0,0
213,3,0.06666667,2,2
213,4,0.1111111,2,5
213,5,0.1555556,4,6
213,6,0.2222222,3,10
213,7,0.3555556,6,9
213,8,0.4444444,8,10
213,9,0.5555556,10,6
213,10,0.6444445,6,6
213,11,0.7111111,5,3
213,12,0.8444445,2,0
213,13,0.8888889,0,0
213,14,0.8888889,0,0
213,15,0.8888889,0,0
213,16,0.8888889,0,0
213,17,0.8888889,0,0
213,18,0.8888889,0,0
214,3,0.06666667,2,2
214,4,0.06666667,2,2
214,5,0.08888889,2,3
214,6,0.08888889,2,3
214,7,0.08888889,2,3
214,8,0.1333333,3,6
214,9,0.1777778,4,4
214,10,0.2666667,4,9
214,11,0.3555556,6,10
214,12,0.4666667,7,10
214,13,0.6666667,5,7
214,14,0.7333333,4,5
214,15,0.8444445,2,0
214,16,0.8888889,0,0
214,17,0.8888889,0,0
214,18,0.8888889,0,0
215,3,0.06666667,2,2
215,4,0.08888889,2,5
215,5,0.1333333,4,6
215,6,0.2222222,2,4
215,7,0.3111111,4,5
215,8,0.3777778,5,9
215,9,0.4888889,7,8
215,10,0.5777778,5,7
215,11,0.7111111,4,4
215,12,0.8,3,2
215,13,0.8444445,2,0
215,14,0.8888889,0,0
215,15,0.8888889,0,0
215,16,0.8888889,0,0
215,17,0.8888889,0,0
215,18,0.8888889,0,0
216,3,0.06666667,2,2
216,4,0.08888889,2,5
216,5,0.1111111,2,5
216,6,0.1333333,3,5
216,7,0.1555556,4,3
216,8,0.1777778,4,4
216,9,0.2222222,4,5
216,10,0.2888889,3,8
216,11,0.4,6,8
216,12,0.4888889,7,10
216,13,0.6666667,8,4
216,14,0.8222222,2,0
216,15,0.8444445,0,0
216,16,0.8444445,0,0
216,17,0.8666667,0,0
216,18,0.8666667,0,0
217,3,0.06666667,2,2
217,4,0.1111111,2,5
217,5,0.1777778,4,7
217,6,0.2888889,4,10
217,7,0.4444444,7,7
217,8,0.6,8,8
217,9,0.7111111,6,6
217,10,0.8222222,6,1
217,11,0.8666667,0,0
217,12,0.8888889,0,0
217,13,0.8888889,0,0
217,14,0.8888889,0,0
217,15,0.8888889,0,0
217,16,0.8888889,0,0
217,17,0.8888889,0,0
217,18,0.8888889,0,0
218,3,0.06666667,2,2
218,4,0.08888889,2,5
218,5,0.1555556,4,6
218,6,0.1777778,4,4
218,7,0.2,4,4
218,8,0.2444444,5,4
218,9,0.3111111,5,6
218,10,0.3555556,6,9
218,11,0.4888889,6,10
218,12,0.6222222,8,7
218,13,0.7555556,7,2
218,14,0.8444445,2,0
218,15,0.8666667,2,0
218,16,0.8666667,2,0
218,17,0.8888889,0,0
218,18,0.8888889,0,0
219,3,0.06666667,2,2
219,4,0.08888889,2,3
219,5,0.1333333,3,5
219,6,0.1777778,3,6
219,7,0.2666667,3,8
219,8,0.3777778,6,10
219,9,0.4888889,9,8
219,10,0.6444445,8,6
219,11,0.7111111,7,3
219,12,0.7777778,5,0
219,13,0.8222222,1,0
219,14,0.8444445,0,0
219,15,0.8666667,0,0
219,16,0.8666667,0,0
219,17,0.8888889,0,0
219,18,0.8888889,0,0
220,3,0.06666667,2,2
220,4,0.06666667,2,2
220,5,0.08888889,2,3
220,6,0.1111111,2,5
220,7,0.2,5,7
220,8,0.3111111,4,9
220,9,0.4,5,9
220,10,0.5333334,8,7
220,11,0.6888889,5,5
220,12,0.7777778,4,2
220,13,0.8,4,2
220,14,0.8444445,2,0
220,15,0.8666667,0,0
220,16,0.8888889,0,0
220,17,0.8888889,0,0
220,18,0.8888889,0,0
221,3,0.06666667,2,2
221,4,0.08888889,2,3
221,5,0.08888889,2,3
221,6,0.1333333,3,6
221,7,0.2222222,5,11
221,8,0.4,6,7
221,9,0.4888889,7,8
221,10,0.6444445,5,6
221,11,0.7555556,6,3
221,12,0.7777778,6,0
221,13,0.8666667,0,0
221,14,0.8666667,0,0
221,15,0.8888889,0,0
221,16,0.8888889,0,0
221,17,0.8888889,0,0
221,18,0.8888889,0,0
222,3,0.06666667,2,2
222,4,0.08888889,2,5
222,5,0.1333333,4,5
222,6,0.1333333,4,5
222,7,0.1555556,4,6
222,8,0.2222222,4,4
222,9,0.3111111,4,8
222,10,0.4222222,4,10
222,11,0.5555556,7,7
222,12,0.6666667,6,5
222,13,0.7333333,5,4
222,14,0.8222222,3,0
222,15,0.8888889,0,0
222,16,0.8888889,0,0
222,17,0.8888889,0,0
222,18,0.8888889,0,0
223,3,0.06666667,2,2
223,4,0.1111111,2,5
223,5,0.1555556,4,5
223,6,0.2222222,3,10
223,7,0.2888889,5,9
223,8,0.3777778,6,10
223,9,0.4666667,7,8
223,10,0.6,5,7
223,11,0.6888889,5,6
223,12,0.8,5,2
223,13,0.8666667,0,0
223,14,0.8888889,0,0
223,15,0.8888889,0,0
223,16,0.8888889,0,0
223,17,0.8888889,0,0
223,18,0.8888889,0,0
224,3,0.06666667,2,2
224,4,0.06666667,2,2
224,5,0.08888889,2,5
224,6,0.1333333,3,5
224,7,0.2,3,7
224,8,0.2444444,5,6
224,9,0.3333333,5,5
224,10,0.3555556,6,6
224,11,0.4222222,6,9
224,12,0.5555556,5,10
224,13,0.6444445,6,7
224,14,0.7111111,5,4
224,15,0.8222222,3,2
224,16,0.8444445,3,0
224,17,0.8888889,0,0
224,18,0.8888889,0,0
225,3,0.06666667,2,2
225,4,0.08888889,2,5
225,5,0.1333333,4,6
225,6,0.1777778,5,6
225,7,0.2666667,4,10
225,8,0.3555556,7,10
225,9,0.5111111,7,7
225,10,0.6444445,7,6
225,11,0.8,4,0
225,12,0.8888889,0,0
225,13,0.8888889,0,0
225,14,0.8888889,0,0
225,15,0.8888889,0,0
225,16,0.8888889,0,0
225,17,0.8888889,0,0
225,18,0.8888889,0,0
226,3,0.06666667,2,2
226,4,0.08888889,2,5
226,5,0.1555556,4,6
226,6,0.2444444,4,5
226,7,0.3333333,5,9
226,8,0.4444444,6,7
226,9,0.5111111,5,8
226,10,0.6222222,5,6
226,11,0.6888889,3,5
226,12,0.7555556,3,5
226,13,0.8666667,1,0
226,14,0.8666667,1,0
226,15,0.8666667,1,0
226,16,0.8888889,0,0
226,17,0.8888889,0,0
226,18,0.8888889,0,0
227,3,0.06666667,2,2
227,4,0.06666667,2,2
227,5,0.08888889,2,3
227,6,0.1111111,2,5
227,7,0.1777778,4,6
227,8,0.2444444,4,8
227,9,0.3555556,5,11
227,10,0.5333334,7,8
227,11,0.7111111,5,4
227,12,0.7777778,4,2
227,13,0.8666667,2,0
227,14,0.8888889,0,0
227,15,0.8888889,0,0
227,16,0.8888889,0,0
227,17,0.8888889,0,0
227,18,0.8888889,0,0
228,3,0.06666667,2,2
228,4,0.1111111,2,5
228,5,0.2,5,7
228,6,0.3333333,6,9
228,7,0.4666667,6,8
228,8,0.6,4,7
228,9,0.6888889,5,6
228,10,0.7777778,4,2
228,11,0.8666667,0,0
228,12,0.8666667,0,0
228,13,0.8888889,0,0
228,14,0.8888889,0,0
228,15,0.8888889,0,0
228,16,0.8888889,0,0
228,17,0.8888889,0,0
228,18,0.8888889,0,0
229,3,0.06666667,2,2
229,4,0.08888889,2,5
229,5,0.1777778,3,6
229,6,0.2,3,7
229,7,0.3111111,4,9
229,8,0.4666667,8,10
229,9,0.6,8,6
229,10,0.8222222,4,0
229,11,0.8666667,1,0
229,12,0.8666667,1,0
229,13,0.8666667,1,0
229,14,0.8888889,0,0
229,15,0.8888889,0,0
229,16,0.8888889,0,0
229,17,0.8888889,0,0
229,18,0.8888889,0,0
230,3,0.06666667,2,2
230,4,0.08888889,2,3
230,5,0.1111111,2,5
230,6,0.1777778,4,6
230,7,0.2222222,4,11
230,8,0.3777778,6,10
230,9,0.4666667,7,11
230,10,0.6,10,7
230,11,0.7555556,6,2
230,12,0.8222222,3,0
230,13,0.8444445,2,0
230,14,0.8888889,0,0
230,15,0.8888889,0,0
230,16,0.8888889,0,0
230,17,0.8888889,0,0
230,18,0.8888889,0,0
231,3,0.06666667,2,2
231,4,0.08888889,2,3
231,5,0.08888889,2,3
231,6,0.1111111,2,5
231,7,0.2222222,4,5
231,8,0.2666667,4,8
231,9,0.4,6,10
231,10,0.5777778,4,9
231,11,0.6666667,6,8
231,12,0.8222222,5,0
231,13,0.8666667,3,0
231,14,0.8888889,0,0
231,15,0.8888889,0,0
231,16,0.8888889,0,0
231,17,0.8888889,0,0
231,18,0.8888889,0,0
232,3,0.06666667,2,2
232,4,0.08888889,2,5
232,5,0.1555556,4,3
232,6,0.2222222,3,4
232,7,0.2888889,3,8
232,8,0.3555556,5,10
232,9,0.4444444,7,10
232,10,0.5333334,8,8
232,11,0.7111111,7,4
232,12,0.7777778,6,0
232,13,0.8222222,3,0
232,14,0.8888889,0,0
232,15,0.8888889,0,0
232,16,0.8888889,0,0
232,17,0.8888889,0,0
232,18,0.8888889,0,0
233,3,0.06666667,2,2
233,4,0.08888889,2,5
233,5,0.08888889,2,5
233,6,0.1111111,3,6
233,7,0.1777778,4,6
233,8,0.2444444,3,4
233,9,0.3333333,4,6
233,10,0.4222222,4,9
233,11,0.5777778,9,7
233,12,0.6666667,8,4
233,13,0.7777778,7,0
233,14,0.8222222,4,0
233,15,0.8888889,0,0
233,16,0.8888889,0,0
233,17,0.8888889,0,0
233,18,0.8888889,0,0
234,3,0.06666667,2,2
234,4,0.08888889,2,5
234,5,0.1555556,4,6
234,6,0.2444444,3,4
234,7,0.2888889,4,5
234,8,0.3333333,5,8
234,9,0.4222222,5,7
234,10,0.4888889,6,8
234,11,0.6,9,7
234,12,0.7333333,6,2
234,13,0.7777778,5,0
234,14,0.8222222,3,0
234,15,0.8444445,2,0
234,16,0.8444445,2,0
234,17,0.8666667,0,0
234,18,0.8888889,0,0
235,3,0.06666667,2,2
235,4,0.08888889,2,3
235,5,0.1333333,3,5
235,6,0.2222222,2,5
235,7,0.2888889,4,10
235,8,0.4444444,8,10
235,9,0.6,8,8
235,10,0.7333333,6,3
235,11,0.8444445,2,0
235,12,0.8666667,0,0
235,13,0.8666667,0,0
235,14,0.8888889,0,0
235,15,0.8888889,0,0
235,16,0.8888889,0,0
235,17,0.8888889,0,0
235,18,0.8888889,0,0
236,3,0.06666667,2,2
236,4,0.1111111,2,5
236,5,0.1777778,4,4
236,6,0.2222222,4,4
236,7,0.3333333,4,7
236,8,0.4666667,6,9
236,9,0.5777778,9,8
236,10,0.7777778,4,2
236,11,0.8444445,1,0
236,12,0.8888889,0,0
236,13,0.8888889,0,0
236,14,0.8888889,0,0
236,15,0.8888889,0,0
236,16,0.8888889,0,0
236,17,0.8888889,0,0
236,18,0.8888889,0,0
237,3,0.06666667,2,2
237,4,0.08888889,2,3
237,5,0.1111111,3,4
237,6,0.1777778,4,11
237,7,0.2888889,5,8
237,8,0.3777778,6,9
237,9,0.5333334,6,9
237,10,0.6666667,5,6
237,11,0.8,4,2
237,12,0.8222222,5,0
237,13,0.8666667,0,0
237,14,0.8888889,0,0
237,15,0.8888889,0,0
237,16,0.8888889,0,0
237,17,0.8888889,0,0
237,18,0.8888889,0,0
238,3,0.06666667,2,2
238,4,0.08888889,2,5
238,5,0.1333333,3,5
238,6,0.1777778,4,7
238,7,0.2222222,4,8
238,8,0.2666667,5,8
238,9,0.3555556,8,6
238,10,0.4666667,5,10
238,11,0.5777778,8,6
238,12,0.6666667,6,6
238,13,0.8,4,2
238,14,0.8444445,2,0
238,15,0.8888889,0,0
238,16,0.8888889,0,0
238,17,0.8888889,0,0
238,18,0.8888889,0,0
239,3,0.06666667,2,2
239,4,0.08888889,2,5
239,5,0.1111111,3,5
239,6,0.1333333,4,3
239,7,0.2,3,4
239,8,0.2444444,3,4
239,9,0.2444444,3,4
239,10,0.3111111,3,10
239,11,0.4444444,8,10
239,12,0.6222222,7,5
239,13,0.7333333,4,5
239,14,0.7555556,4,4
239,15,0.8,3,2
239,16,0.8666667,0,0
239,17,0.8888889,0,0
239,18,0.8888889,0,0
240,3,0.06666667,2,2
240,4,0.06666667,2,2
240,5,0.1111111,2,5
240,6,0.1777778,3,6
240,7,0.2666667,4,8
240,8,0.3777778,6,10
240,9,0.5777778,7,10
240,10,0.6888889,7,5
240,11,0.8,2,3
240,12,0.8444445,2,0
240,13,0.8888889,0,0
240,14,0.8888889,0,0
240,15,0.8888889,0,0
240,16,0.8888889,0,0
240,17,0.8888889,0,0
240,18,0.8888889,0,0
241,3,0.06666667,2,2
241,4,0.06666667,2,2
241,5,0.08888889,2,5
241,6,0.1333333,3,5
241,7,0.1777778,4,6
241,8,0.2222222,5,6
241,9,0.2888889,4,8
241,10,0.3777778,6,8
241,11,0.5111111,6,7
241,12,0.6222222,5,7
241,13,0.7111111,6,5
241,14,0.7777778,4,2
241,15,0.8444445,3,0
241,16,0.8888889,0,0
241,17,0.8888889,0,0
241,18,0.8888889,0,0
242,3,0.06666667,2,2
242,4,0.06666667,2,2
242,5,0.1111111,2,5
242,6,0.1555556,3,6
242,7,0.2222222,2,4
242,8,0.2888889,4,10
242,9,0.3777778,6,11
242,10,0.5333334,6,8
242,11,0.6,7,6
242,12,0.6444445,6,6
242,13,0.7777778,5,2
242,14,0.8888889,0,0
242,15,0.8888889,0,0
242,16,0.8888889,0,0
242,17,0.8888889,0,0
242,18,0.8888889,0,0
243,3,0.06666667,2,2
243,4,0.06666667,2,2
243,5,0.06666667,2,2
243,6,0.08888889,2,5
243,7,0.1333333,4,3
243,8,0.1777778,5,4
243,9,0.2222222,4,4
243,10,0.2888889,4,8
243,11,0.3555556,6,9
243,12,0.4444444,5,9
243,13,0.5555556,6,9
243,14,0.6444445,6,5
243,15,0.7555556,4,2
243,16,0.8222222,2,2
243,17,0.8666667,2,0
243,18,0.8888889,0,0
244,3,0.06666667,2,2
244,4,0.06666667,2,2
244,5,0.08888889,2,5
244,6,0.1111111,3,5
244,7,0.1333333,4,3
244,8,0.1777778,4,3
244,9,0.2444444,4,8
244,10,0.4,6,11
244,11,0.5777778,7,7
244,12,0.6,6,7
244,13,0.7111111,5,5
244,14,0.7555556,4,3
244,15,0.8666667,2,0
244,16,0.8666667,2,0
244,17,0.8888889,0,0
244,18,0.8888889,0,0
245,3,0.06666667,2,2
245,4,0.08888889,2,3
245,5,0.1333333,3,5
245,6,0.1555556,4,5
245,7,0.2444444,2,8
245,8,0.3333333,6,11
245,9,0.4666667,6,7
245,10,0.6,7,6
245,11,0.6888889,5,5
245,12,0.7777778,3,3
245,13,0.8222222,3,2
245,14,0.8666667,2,0
245,15,0.8888889,0,0
245,16,0.8888889,0,0
245,17,0.8888889,0,0
245,18,0.8888889,0,0
246,3,0.06666667,2,2
246,4,0.1111111,2,5
246,5,0.2,4,4
246,6,0.2666667,5,9
246,7,0.4,5,10
246,8,0.5777778,6,6
246,9,0.7111111,6,3
246,10,0.7555556,5,3
246,11,0.8222222,3,2
246,12,0.8666667,2,0
246,13,0.8888889,0,0
246,14,0.8888889,0,0
246,15,0.8888889,0,0
246,16,0.8888889,0,0
246,17,0.8888889,0,0
246,18,0.8888889,0,0
247,3,0.06666667,2,2
247,4,0.06666667,2,2
247,5,0.06666667,2,2
247,6,0.06666667,2,2
247,7,0.08888889,2,5
247,8,0.1111111,3,6
247,9,0.1777778,5,6
247,10,0.2444444,5,12
247,11,0.4,9,10
247,12,0.5777778,12,6
247,13,0.7333333,4,4
247,14,0.8222222,3,2
247,15,0.8666667,2,0
247,16,0.8888889,0,0
247,17,0.8888889,0,0
247,18,0.8888889,0,0
248,3,0.06666667,2,2
248,4,0.1111111,2,5
248,5,0.1777778,3,6
248,6,0.2666667,3,8
248,7,0.4,6,10
248,8,0.4888889,6,10
248,9,0.6,7,10
248,10,0.8,4,0
248,11,0.8888889,0,0
248,12,0.8888889,0,0
248,13,0.8888889,0,0
248,14,0.8888889,0,0
248,15,0.8888889,0,0
248,16,0.8888889,0,0
248,17,0.8888889,0,0
248,18,0.8888889,0,0
249,3,0.06666667,2,2
249,4,0.06666667,2,2
249,5,0.08888889,2,3
249,6,0.1111111,2,5
249,7,0.1555556,3,6
249,8,0.2,3,4
249,9,0.2444444,3,6
249,10,0.2888889,4,7
249,11,0.3555556,5,10
249,12,0.4666667,7,8
249,13,0.6,7,7
249,14,0.7555556,6,2
249,15,0.7777778,4,2
249,16,0.8444445,0,0
249,17,0.8666667,0,0
249,18,0.8666667,0,0
250,3,0.06666667,2,2
250,4,0.06666667,2,2
250,5,0.08888889,2,3
250,6,0.1111111,2,5
250,7,0.1777778,4,4
250,8,0.2666667,4,9
250,9,0.3777778,8,9
250,10,0.4222222,7,11
250,11,0.5111111,7,8
250,12,0.6222222,4,7
250,13,0.7333333,7,5
250,14,0.8222222,3,0
250,15,0.8444445,3,0
250,16,0.8888889,0,0
250,17,0.8888889,0,0
250,18,0.8888889,0,0
251,3,0.06666667,2,2
251,4,0.1111111,2,5
251,5,0.1777778,5,6
251,6,0.3111111,4,9
251,7,0.4666667,7,11
251,8,0.6,8,6
251,9,0.7777778,4,2
251,10,0.8666667,0,0
251,11,0.8888889,0,0
251,12,0.8888889,0,0
251,13,0.8888889,0,0
251,14,0.8888889,0,0
251,15,0.8888889,0,0
251,16,0.8888889,0,0
251,17,0.8888889,0,0
251,18,0.8888889,0,0
252,3,0.06666667,2,2
252,4,0.06666667,2,2
252,5,0.06666667,2,2
252,6,0.08888889,2,5
252,7,0.1333333,4,5
252,8,0.2222222,4,8
252,9,0.3111111,6,9
252,10,0.4,7,10
252,11,0.5333334,8,8
252,12,0.6444445,6,8
252,13,0.8222222,2,0
252,14,0.8666667,0,0
252,15,0.8666667,0,0
252,16,0.8888889,0,0
252,17,0.8888889,0,0
252,18,0.8888889,0,0
253,3,0.06666667,2,2
253,4,0.08888889,2,5
253,5,0.1111111,3,5
253,6,0.1555556,4,3
253,7,0.2,5,8
253,8,0.3111111,5,9
253,9,0.4666667,7,9
253,10,0.6222222,5,7
253,11,0.7111111,7,5
253,12,0.8444445,1,0
253,13,0.8666667,0,0
253,14,0.8888889,0,0
253,15,0.8888889,0,0
253,16,0.8888889,0,0
253,17,0.8888889,0,0
253,18,0.8888889,0,0
254,3,0.06666667,2,2
254,4,0.08888889,2,3
254,5,0.1111111,3,5
254,6,0.1111111,3,5
254,7,0.1777778,5,7
254,8,0.2888889,3,9
254,9,0.4444444,7,7
254,10,0.5777778,7,7
254,11,0.7333333,4,5
254,12,0.8444445,3,0
254,13,0.8666667,2,0
254,14,0.8888889,0,0
254,15,0.8888889,0,0
254,16,0.8888889,0,0
254,17,0.8888889,0,0
254,18,0.8888889,0,0
255,3,0.06666667,2,2
255,4,0.1111111,2,5
255,5,0.1777778,4,6
255,6,0.2666667,4,8
255,7,0.4,7,7
255,8,0.5111111,6,7
255,9,0.6222222,7,7
255,10,0.6888889,5,5
255,11,0.7777778,5,3
255,12,0.8222222,5,2
255,13,0.8666667,0,0
255,14,0.8666667,0,0
255,15,0.8666667,0,0
255,16,0.8888889,0,0
255,17,0.8888889,0,0
255,18,0.8888889,0,0
256,3,0.06666667,2,2
256,4,0.08888889,2,3
256,5,0.1111111,3,4
256,6,0.1555556,3,6
256,7,0.2444444,5,9
256,8,0.3777778,5,9
256,9,0.5111111,5,8
256,10,0.5555556,5,8
256,11,0.7111111,8,2
256,12,0.8444445,2,0
256,13,0.8444445,2,0
256,14,0.8888889,0,0
256,15,0.8888889,0,0
256,16,0.8888889,0,0
256,17,0.8888889,0,0
256,18,0.8888889,0,0
257,3,0.06666667,2,2
257,4,0.08888889,2,5
257,5,0.08888889,2,5
257,6,0.1555556,4,5
257,7,0.2,4,4
257,8,0.2444444,4,8
257,9,0.3555556,6,11
257,10,0.4888889,8,7
257,11,0.6666667,7,4
257,12,0.7777778,3,3
257,13,0.8222222,3,2
257,14,0.8444445,2,2
257,15,0.8666667,2,0
257,16,0.8888889,0,0
257,17,0.8888889,0,0
257,18,0.8888889,0,0
258,3,0.06666667,2,2
258,4,0.08888889,2,3
258,5,0.1111111,3,4
258,6,0.1555556,4,8
258,7,0.2666667,6,9
258,8,0.3555556,6,10
258,9,0.4888889,6,10
258,10,0.6,8,7
258,11,0.6888889,8,3
258,12,0.8,2,3
258,13,0.8666667,2,0
258,14,0.8888889,0,0
258,15,0.8888889,0,0
258,16,0.8888889,0,0
258,17,0.8888889,0,0
258,18,0.8888889,0,0
259,3,0.06666667,2,2
259,4,0.08888889,2,3
259,5,0.1555556,3,6
259,6,0.2222222,4,5
259,7,0.2888889,3,8
259,8,0.3333333,5,9
259,9,0.4444444,6,11
259,10,0.5777778,6,8
259,11,0.7111111,7,5
259,12,0.8444445,2,0
259,13,0.8888889,0,0
259,14,0.8888889,0,0
259,15,0.8888889,0,0
259,16,0.8888889,0,0
259,17,0.8888889,0,0
259,18,0.8888889,0,0
260,3,0.06666667,2,2
260,4,0.08888889,2,5
260,5,0.08888889,2,5
260,6,0.2,4,4
260,7,0.2666667,3,5
260,8,0.3555556,5,10
260,9,0.5111111,6,9
260,10,0.5555556,6,10
260,11,0.7555556,5,0
260,12,0.8666667,1,0
260,13,0.8888889,0,0
260,14,0.8888889,0,0
260,15,0.8888889,0,0
260,16,0.8888889,0,0
260,17,0.8888889,0,0
260,18,0.8888889,0,0
261,3,0.06666667,2,2
261,4,0.06666667,2,2
261,5,0.08888889,2,5
261,6,0.1555556,4,6
261,7,0.2444444,3,8
261,8,0.3333333,5,12
261,9,0.5555556,11,6
261,10,0.6888889,6,5
261,11,0.7777778,4,2
261,12,0.8222222,4,0
261,13,0.8888889,0,0
261,14,0.8888889,0,0
261,15,0.8888889,0,0
261,16,0.8888889,0,0
261,17,0.8888889,0,0
261,18,0.8888889,0,0
262,3,0.06666667,2,2
262,4,0.08888889,2,3
262,5,0.1111111,3,4
262,6,0.1555556,4,11
262,7,0.2666667,7,14
262,8,0.3777778,7,13
262,9,0.4888889,9,11
262,10,0.6888889,5,6
262,11,0.7777778,3,1
262,12,0.8444445,1,0
262,13,0.8666667,1,0
262,14,0.8666667,1,0
262,15,0.8666667,1,0
262,16,0.8888889,0,0
262,17,0.8888889,0,0
262,18,0.8888889,0,0
263,3,0.06666667,2,2
263,4,0.08888889,2,3
263,5,0.1333333,3,5
263,6,0.1777778,4,6
263,7,0.2888889,3,9
263,8,0.4666667,7,11
263,9,0.6,9,7
263,10,0.7555556,7,3
263,11,0.8222222,3,0
263,12,0.8444445,2,0
263,13,0.8666667,0,0
263,14,0.8666667,0,0
263,15,0.8888889,0,0
263,16,0.8888889,0,0
263,17,0.8888889,0,0
263,18,0.8888889,0,0
264,3,0.06666667,2,2
264,4,0.1111111,2,5
264,5,0.1333333,3,5
264,6,0.1777778,4,3
264,7,0.2666667,3,8
264,8,0.4,6,7
264,9,0.4888889,8,8
264,10,0.5777778,5,7
264,11,0.6888889,6,6
264,12,0.7555556,6,4
264,13,0.8,6,1
264,14,0.8444445,0,0
264,15,0.8444445,0,0
264,16,0.8888889,0,0
264,17,0.8888889,0,0
264,18,0.8888889,0,0
265,3,0.06666667,2,2
265,4,0.1111111,2,5
265,5,0.1777778,4,6
265,6,0.2888889,4,10
265,7,0.3777778,7,9
265,8,0.4666667,7,8
265,9,0.6666667,9,5
265,10,0.7777778,7,2
265,11,0.8666667,3,0
265,12,0.8888889,0,0
265,13,0.8888889,0,0
265,14,0.8888889,0,0
265,15,0.8888889,0,0
265,16,0.8888889,0,0
265,17,0.8888889,0,0
265,18,0.8888889,0,0
266,3,0.06666667,2,2
266,4,0.06666667,2,2
266,5,0.06666667,2,2
266,6,0.08888889,2,5
266,7,0.1333333,4,5
266,8,0.2,3,8
266,9,0.3111111,5,9
266,10,0.4222222,7,7
266,11,0.5555556,5,10
266,12,0.7333333,7,2
266,13,0.8444445,2,0
266,14,0.8888889,0,0
266,15,0.8888889,0,0
266,16,0.8888889,0,0
266,17,0.8888889,0,0
266,18,0.8888889,0,0
267,3,0.06666667,2,2
267,4,0.08888889,2,5
267,5,0.1777778,5,4
267,6,0.2666667,3,8
267,7,0.3777778,5,9
267,8,0.5333334,6,9
267,9,0.6444445,7,7
267,10,0.8,3,2
267,11,0.8,3,2
267,12,0.8666667,2,0
267,13,0.8666667,2,0
267,14,0.8888889,0,0
267,15,0.8888889,0,0
267,16,0.8888889,0,0
267,17,0.8888889,0,0
267,18,0.8888889,0,0
268,3,0.06666667,2,2
268,4,0.08888889,2,5
268,5,0.1333333,3,6
268,6,0.2,4,7
268,7,0.2666667,5,6
268,8,0.3777778,6,8
268,9,0.5111111,6,8
268,10,0.6222222,6,7
268,11,0.7111111,7,5
268,12,0.8,4,0
268,13,0.8666667,0,0
268,14,0.8666667,0,0
268,15,0.8888889,0,0
268,16,0.8888889,0,0
268,17,0.8888889,0,0
268,18,0.8888889,0,0
269,3,0.06666667,2,2
269,4,0.08888889,2,3
269,5,0.1333333,3,5
269,6,0.2,3,7
269,7,0.3111111,4,8
269,8,0.3777778,6,7
269,9,0.5111111,5,7
269,10,0.6,5,7
269,11,0.7111111,6,4
269,12,0.8222222,5,2
269,13,0.8666667,0,0
269,14,0.8888889,0,0
269,15,0.8888889,0,0
269,16,0.8888889,0,0
269,17,0.8888889,0,0
269,18,0.8888889,0,0
270,3,0.06666667,2,2
270,4,0.06666667,2,2
270,5,0.08888889,2,5
270,6,0.1333333,4,5
270,7,0.1777778,5,9
270,8,0.2888889,4,9
270,9,0.3555556,7,11
270,10,0.5111111,6,7
270,11,0.6444445,6,7
270,12,0.7111111,5,5
270,13,0.8,4,0
270,14,0.8666667,0,0
270,15,0.8888889,0,0
270,16,0.8888889,0,0
270,17,0.8888889,0,0
270,18,0.8888889,0,0
271,3,0.06666667,2,2
271,4,0.08888889,2,5
271,5,0.1555556,4,4
271,6,0.2222222,2,5
271,7,0.2888889,4,7
271,8,0.3777778,6,11
271,9,0.4666667,7,8
271,10,0.5555556,8,8
271,11,0.7111111,6,5
271,12,0.7777778,2,2
271,13,0.8888889,0,0
271,14,0.8888889,0,0
271,15,0.8888889,0,0
271,16,0.8888889,0,0
271,17,0.8888889,0,0
271,18,0.8888889,0,0
272,3,0.06666667,2,2
272,4,0.08888889,2,3
272,5,0.08888889,2,3
272,6,0.1333333,3,6
272,7,0.1555556,3,6
272,8,0.2444444,4,10
272,9,0.3555556,5,11
272,10,0.4888889,9,7
272,11,0.6,8,7
272,12,0.7555556,5,4
272,13,0.8444445,3,0
272,14,0.8888889,0,0
272,15,0.8888889,0,0
272,16,0.8888889,0,0
272,17,0.8888889,0,0
272,18,0.8888889,0,0
273,3,0.06666667,2,2
273,4,0.06666667,2,2
273,5,0.1111111,2,5
273,6,0.2,3,7
273,7,0.3111111,4,10
273,8,0.4666667,8,10
273,9,0.6444445,7,8
273,10,0.7555556,7,4
273,11,0.8222222,4,0
273,12,0.8888889,0,0
273,13,0.8888889,0,0
273,14,0.8888889,0,0
273,15,0.8888889,0,0
273,16,0.8888889,0,0
273,17,0.8888889,0,0
273,18,0.8888889,0,0
274,3,0.06666667,2,2
274,4,0.08888889,2,3
274,5,0.1555556,3,6
274,6,0.1777778,4,6
274,7,0.2888889,4,10
274,8,0.4,7,11
274,9,0.5555556,6,9
274,10,0.6666667,7,6
274,11,0.8,5,0
274,12,0.8666667,0,0
274,13,0.8888889,0,0
274,14,0.8888889,0,0
274,15,0.8888889,0,0
274,16,0.8888889,0,0
274,17,0.8888889,0,0
274,18,0.8888889,0,0
275,3,0.06666667,2,2
275,4,0.1111111,2,5
275,5,0.1777778,4,7
275,6,0.3111111,5,6
275,7,0.3777778,5,9
275,8,0.4888889,8,10
275,9,0.6666667,5,5
275,10,0.7555556,4,4
275,11,0.8,4,2
275,12,0.8666667,0,0
275,13,0.8666667,0,0
275,14,0.8666667,0,0
275,15,0.8666667,0,0
275,16,0.8666667,0,0
275,17,0.8666667,0,0
275,18,0.8666667,0,0
276,3,0.06666667,2,2
276,4,0.06666667,2,2
276,5,0.08888889,2,3
276,6,0.1333333,3,6
276,7,0.2,5,5
276,8,0.3111111,4,8
276,9,0.3777778,6,7
276,10,0.4666667,5,7
276,11,0.5555556,5,8
276,12,0.7111111,5,6
276,13,0.7777778,3,3
276,14,0.8,4,2
276,15,0.8666667,0,0
276,16,0.8666667,0,0
276,17,0.8666667,0,0
276,18,0.8888889,0,0
277,3,0.06666667,2,2
277,4,0.1111111,2,5
277,5,0.1777778,3,6
277,6,0.2222222,3,7
277,7,0.3111111,4,10
277,8,0.4444444,7,8
277,9,0.6222222,9,6
277,10,0.7111111,7,2
277,11,0.8222222,2,0
277,12,0.8666667,0,0
277,13,0.8888889,0,0
277,14,0.8888889,0,0
277,15,0.8888889,0,0
277,16,0.8888889,0,0
277,17,0.8888889,0,0
277,18,0.8888889,0,0
278,3,0.06666667,2,2
278,4,0.06666667,2,2
278,5,0.1111111,2,5
278,6,0.2222222,4,5
278,7,0.3333333,4,9
278,8,0.4666667,4,10
278,9,0.5777778,6,7
278,10,0.6888889,7,4
278,11,0.8444445,4,1
278,12,0.8666667,0,0
278,13,0.8888889,0,0
278,14,0.8888889,0,0
278,15,0.8888889,0,0
278,16,0.8888889,0,0
278,17,0.8888889,0,0
278,18,0.8888889,0,0
279,3,0.06666667,2,2
279,4,0.1111111,2,5
279,5,0.2,4,5
279,6,0.2888889,6,9
279,7,0.4888889,5,7
279,8,0.5333334,6,7
279,9,0.6444445,6,6
279,10,0.7111111,5,5
279,11,0.8,3,0
279,12,0.8666667,0,0
279,13,0.8888889,0,0
279,14,0.8888889,0,0
279,15,0.8888889,0,0
279,16,0.8888889,0,0
279,17,0.8888889,0,0
279,18,0.8888889,0,0
280,3,0.06666667,2,2
280,4,0.06666667,2,2
280,5,0.06666667,2,2
280,6,0.06666667,2,2
280,7,0.06666667,2,2
280,8,0.08888889,2,5
280,9,0.1777778,4,4
280,10,0.2666667,3,5
280,11,0.3777778,5,9
280,12,0.5111111,5,7
280,13,0.5777778,4,7
280,14,0.6444445,4,8
280,15,0.7333333,5,5
280,16,0.8222222,4,1
280,17,0.8444445,0,0
280,18,0.8666667,0,0
281,3,0.06666667,2,2
281,4,0.08888889,2,5
281,5,0.1333333,4,5
281,6,0.1777778,3,6
281,7,0.2666667,4,8
281,8,0.4444444,6,9
281,9,0.5777778,6,6
281,10,0.7111111,4,4
281,11,0.7333333,3,4
281,12,0.8,2,3
281,13,0.8222222,2,3
281,14,0.8666667,2,0
281,15,0.8888889,0,0
281,16,0.8888889,0,0
281,17,0.8888889,0,0
281,18,0.8888889,0,0
282,3,0.06666667,2,2
282,4,0.06666667,2,2
282,5,0.1111111,2,5
282,6,0.1777778,4,6
282,7,0.2888889,5,9
282,8,0.4444444,6,8
282,9,0.5555556,5,9
282,10,0.6666667,7,5
282,11,0.7555556,5,2
282,12,0.8444445,1,0
282,13,0.8888889,0,0
282,14,0.8888889,0,0
282,15,0.8888889,0,0
282,16,0.8888889,0,0
282,17,0.8888889,0,0
282,18,0.8888889,0,0
283,3,0.06666667,2,2
283,4,0.06666667,2,2
283,5,0.1111111,2,5
283,6,0.1333333,3,5
283,7,0.2,4,10
283,8,0.3333333,7,10
283,9,0.5111111,6,10
283,10,0.6,7,9
283,11,0.8,5,2
283,12,0.8666667,2,0
283,13,0.8888889,0,0
283,14,0.8888889,0,0
283,15,0.8888889,0,0
283,16,0.8888889,0,0
283,17,0.8888889,0,0
283,18,0.8888889,0,0
284,3,0.06666667,2,2
284,4,0.08888889,2,3
284,5,0.1333333,3,5
284,6,0.2,4,4
284,7,0.2666667,4,4
284,8,0.3333333,4,7
284,9,0.4222222,6,9
284,10,0.5777778,7,6
284,11,0.7111111,5,5
284,12,0.8222222,4,0
284,13,0.8666667,2,0
284,14,0.8666667,2,0
284,15,0.8666667,2,0
284,16,0.8888889,0,0
284,17,0.8888889,0,0
284,18,0.8888889,0,0
285,3,0.06666667,2,2
285,4,0.08888889,2,3
285,5,0.08888889,2,3
285,6,0.1111111,3,4
285,7,0.1333333,3,6
285,8,0.1555556,4,11
285,9,0.2888889,8,11
285,10,0.4,9,12
285,11,0.6666667,10,3
285,12,0.7777778,7,2
285,13,0.8666667,0,0
285,14,0.8666667,0,0
285,15,0.8666667,0,0
285,16,0.8666667,0,0
285,17,0.8888889,0,0
285,18,0.8888889,0,0
286,3,0.06666667,2,2
286,4,0.06666667,2,2
286,5,0.06666667,2,2
286,6,0.06666667,2,2
286,7,0.08888889,2,3
286,8,0.1111111,3,4
286,9,0.1555556,4,8
286,10,0.2,5,12
286,11,0.4,7,11
286,12,0.5555556,11,7
286,13,0.7111111,7,3
286,14,0.7333333,6,3
286,15,0.7777778,5,0
286,16,0.8444445,1,0
286,17,0.8444445,1,0
286,18,0.8666667,1,0
287,3,0.06666667,2,2
287,4,0.08888889,2,3
287,5,0.1111111,3,5
287,6,0.1555556,4,6
287,7,0.2444444,4,12
287,8,0.3777778,7,11
287,9,0.5333334,7,9
287,10,0.7333333,7,2
287,11,0.8222222,4,0
287,12,0.8666667,0,0
287,13,0.8888889,0,0
287,14,0.8888889,0,0
287,15,0.8888889,0,0
287,16,0.8888889,0,0
287,17,0.8888889,0,0
287,18,0.8888889,0,0
288,3,0.06666667,2,2
288,4,0.1111111,2,5
288,5,0.1777778,4,6
288,6,0.2,3,7
288,7,0.2666667,5,9
288,8,0.4222222,7,9
288,9,0.5555556,5,7
288,10,0.6444445,4,9
288,11,0.8,5,2
288,12,0.8444445,3,0
288,13,0.8444445,3,0
288,14,0.8888889,0,0
288,15,0.8888889,0,0
288,16,0.8888889,0,0
288,17,0.8888889,0,0
288,18,0.8888889,0,0
289,3,0.06666667,2,2
289,4,0.1111111,2,5
289,5,0.1777778,5,6
289,6,0.2444444,5,6
289,7,0.3333333,5,8
289,8,0.4888889,7,8
289,9,0.6666667,8,5
289,10,0.7555556,3,5
289,11,0.7777778,3,3
289,12,0.8444445,3,1
289,13,0.8666667,0,0
289,14,0.8888889,0,0
289,15,0.8888889,0,0
289,16,0.8888889,0,0
289,17,0.8888889,0,0
289,18,0.8888889,0,0
290,3,0.06666667,2,2
290,4,0.06666667,2,2
290,5,0.08888889,2,5
290,6,0.1777778,5,4
290,7,0.2666667,3,8
290,8,0.3777778,7,11
290,9,0.5111111,7,10
290,10,0.6666667,7,7
290,11,0.7555556,6,5
290,12,0.8666667,0,0
290,13,0.8666667,0,0
290,14,0.8888889,0,0
290,15,0.8888889,0,0
290,16,0.8888889,0,0
290,17,0.8888889,0,0
290,18,0.8888889,0,0
291,3,0.06666667,2,2
291,4,0.06666667,2,2
291,5,0.08888889,2,3
291,6,0.1111111,2,5
291,7,0.1777778,3,6
291,8,0.2888889,4,8
291,9,0.3777778,6,7
291,10,0.4222222,7,8
291,11,0.5777778,6,9
291,12,0.6666667,7,6
291,13,0.7777778,5,3
291,14,0.8,5,2
291,15,0.8888889,0,0
291,16,0.8888889,0,0
291,17,0.8888889,0,0
291,18,0.8888889,0,0
292,3,0.06666667,2,2
292,4,0.1111111,2,5
292,5,0.1555556,4,5
292,6,0.2444444,2,8
292,7,0.3333333,5,9
292,8,0.4444444,5,7
292,9,0.5777778,7,7
292,10,0.6666667,6,5
292,11,0.7777778,4,3
292,12,0.8222222,3,2
292,13,0.8666667,2,0
292,14,0.8888889,0,0
292,15,0.8888889,0,0
292,16,0.8888889,0,0
292,17,0.8888889,0,0
292,18,0.8888889,0,0
293,3,0.06666667,2,2
293,4,0.08888889,2,3
293,5,0.1111111,3,5
293,6,0.2,4,4
293,7,0.2666667,3,5
293,8,0.3111111,5,10
293,9,0.4444444,5,9
293,10,0.5777778,7,7
293,11,0.7111111,6,3
293,12,0.8,3,2
293,13,0.8444445,2,2
293,14,0.8888889,0,0
293,15,0.8888889,0,0
293,16,0.8888889,0,0
293,17,0.8888889,0,0
293,18,0.8888889,0,0
294,3,0.06666667,2,2
294,4,0.1111111,2,5
294,5,0.1555556,4,6
294,6,0.1555556,4,6
294,7,0.2,4,10
294,8,0.3111111,6,13
294,9,0.5111111,10,9
294,10,0.6222222,8,8
294,11,0.7333333,8,3
294,12,0.8222222,2,0
294,13,0.8666667,2,0
294,14,0.8888889,0,0
294,15,0.8888889,0,0
294,16,0.8888889,0,0
294,17,0.8888889,0,0
294,18,0.8888889,0,0
295,3,0.06666667,2,2
295,4,0.06666667,2,2
295,5,0.06666667,2,2
295,6,0.08888889,2,3
295,7,0.1333333,3,6
295,8,0.2,5,5
295,9,0.2888889,4,8
295,10,0.3777778,7,9
295,11,0.5777778,7,7
295,12,0.6888889,7,3
295,13,0.7777778,5,2
295,14,0.8444445,2,2
295,15,0.8888889,0,0
295,16,0.8888889,0,0
295,17,0.8888889,0,0
295,18,0.8888889,0,0
296,3,0.06666667,2,2
296,4,0.1111111,2,5
296,5,0.2,3,7
296,6,0.2888889,5,12
296,7,0.4444444,9,10
296,8,0.6444445,8,6
296,9,0.7777778,4,2
296,10,0.8666667,2,0
296,11,0.8888889,0,0
296,12,0.8888889,0,0
296,13,0.8888889,0,0
296,14,0.8888889,0,0
296,15,0.8888889,0,0
296,16,0.8888889,0,0
296,17,0.8888889,0,0
296,18,0.8888889,0,0
297,3,0.06666667,2,2
297,4,0.06666667,2,2
297,5,0.1111111,2,5
297,6,0.2,4,5
297,7,0.2444444,5,6
297,8,0.4,5,7
297,9,0.5777778,6,6
297,10,0.6888889,6,4
297,11,0.7777778,3,3
297,12,0.8,3,2
297,13,0.8444445,2,0
297,14,0.8666667,0,0
297,15,0.8666667,0,0
297,16,0.8888889,0,0
297,17,0.8888889,0,0
297,18,0.8888889,0,0
298,3,0.06666667,2,2
298,4,0.1111111,2,5
298,5,0.1555556,4,6
298,6,0.2444444,6,10
298,7,0.4,5,8
298,8,0.5111111,5,7
298,9,0.6,6,7
298,10,0.7333333,7,4
298,11,0.8222222,2,0
298,12,0.8666667,0,0
298,13,0.8666667,0,0
298,14,0.8666667,0,0
298,15,0.8666667,0,0
298,16,0.8666667,0,0
298,17,0.8666667,0,0
298,18,0.8666667,0,0
299,3,0.06666667,2,2
299,4,0.08888889,2,3
299,5,0.1333333,3,6
299,6,0.2444444,5,9
299,7,0.3555556,6,11
299,8,0.5111111,5,10
299,9,0.6444445,8,8
299,10,0.7333333,6,5
299,11,0.7555556,4,3
299,12,0.8,3,2
299,13,0.8444445,3,0
299,14,0.8888889,0,0
299,15,0.8888889,0,0
299,16,0.8888889,0,0
299,17,0.8888889,0,0
299,18,0.8888889,0,0
