simulation, day, sickPercentage, border_red_cnt, border_green_cnt, total_nodecnt=45,Psick= 0.5,Edgecnt= 60
0,5,0.08888889,2,3
0,6,0.1111111,3,5
0,7,0.1777778,4,3
0,8,0.2444444,3,5
0,9,0.3111111,5,9
0,10,0.4888889,7,7
0,11,0.6444445,6,7
0,12,0.7333333,6,5
0,13,0.8444445,2,0
0,14,0.8666667,0,0
0,15,0.8888889,0,0
0,16,0.8888889,0,0
0,17,0.8888889,0,0
0,18,0.8888889,0,0
1,5,0.08888889,2,3
1,6,0.1333333,3,6
1,7,0.2222222,6,8
1,8,0.3333333,6,9
1,9,0.5111111,10,7
1,10,0.5777778,6,7
1,11,0.6888889,6,3
1,12,0.7777778,3,3
1,13,0.8666667,2,0
1,14,0.8888889,0,0
1,15,0.8888889,0,0
1,16,0.8888889,0,0
1,17,0.8888889,0,0
1,18,0.8888889,0,0
2,5,0.08888889,2,3
2,6,0.1555556,3,6
2,7,0.1777778,4,6
2,8,0.2444444,4,8
2,9,0.3111111,4,8
2,10,0.4222222,6,7
2,11,0.5333334,8,8
2,12,0.6666667,6,4
2,13,0.7555556,3,3
2,14,0.8222222,3,0
2,15,0.8666667,2,0
2,16,0.8888889,0,0
2,17,0.8888889,0,0
2,18,0.8888889,0,0
3,5,0.08888889,2,3
3,6,0.08888889,2,3
3,7,0.1333333,3,6
3,8,0.2,5,7
3,9,0.3111111,5,9
3,10,0.4222222,7,11
3,11,0.6,9,8
3,12,0.7111111,6,5
3,13,0.8444445,1,0
3,14,0.8666667,0,0
3,15,0.8666667,0,0
3,16,0.8666667,0,0
3,17,0.8666667,0,0
3,18,0.8666667,0,0
4,5,0.08888889,2,3
4,6,0.1111111,3,5
4,7,0.1333333,3,5
4,8,0.2,3,7
4,9,0.2666667,5,6
4,10,0.3555556,6,9
4,11,0.4666667,7,8
4,12,0.6222222,6,5
4,13,0.6888889,3,5
4,14,0.7111111,3,5
4,15,0.7333333,4,4
4,16,0.8222222,3,0
4,17,0.8444445,1,0
4,18,0.8666667,0,0
5,5,0.08888889,2,3
5,6,0.08888889,2,3
5,7,0.08888889,2,3
5,8,0.1333333,3,5
5,9,0.2222222,2,4
5,10,0.2666667,3,8
5,11,0.3555556,5,9
5,12,0.4666667,6,8
5,13,0.6,7,7
5,14,0.6888889,5,5
5,15,0.7333333,6,2
5,16,0.8444445,3,0
5,17,0.8888889,0,0
5,18,0.8888889,0,0
6,5,0.08888889,2,3
6,6,0.1111111,3,4
6,7,0.1555556,4,8
6,8,0.3111111,7,13
6,9,0.4222222,10,9
6,10,0.5777778,5,6
6,11,0.6888889,7,4
6,12,0.7555556,4,3
6,13,0.8666667,2,0
6,14,0.8888889,0,0
6,15,0.8888889,0,0
6,16,0.8888889,0,0
6,17,0.8888889,0,0
6,18,0.8888889,0,0
7,5,0.08888889,2,3
7,6,0.1333333,3,6
7,7,0.2222222,5,5
7,8,0.3333333,4,9
7,9,0.4444444,7,9
7,10,0.5777778,8,9
7,11,0.6666667,7,7
7,12,0.8,3,3
7,13,0.8444445,4,1
7,14,0.8666667,0,0
7,15,0.8666667,0,0
7,16,0.8666667,0,0
7,17,0.8666667,0,0
7,18,0.8666667,0,0
8,5,0.08888889,2,3
8,6,0.1111111,2,5
8,7,0.1555556,4,6
8,8,0.2222222,4,5
8,9,0.3111111,4,8
8,10,0.4666667,7,9
8,11,0.6,6,6
8,12,0.7333333,5,3
8,13,0.8666667,0,0
8,14,0.8666667,0,0
8,15,0.8666667,0,0
8,16,0.8666667,0,0
8,17,0.8888889,0,0
8,18,0.8888889,0,0
9,5,0.08888889,2,3
9,6,0.08888889,2,3
9,7,0.08888889,2,3
9,8,0.1111111,2,5
9,9,0.1777778,3,6
9,10,0.2222222,3,4
9,11,0.3111111,4,8
9,12,0.4444444,6,7
9,13,0.5333334,6,7
9,14,0.6666667,5,6
9,15,0.7777778,4,2
9,16,0.8444445,0,0
9,17,0.8666667,0,0
9,18,0.8888889,0,0
10,5,0.08888889,2,3
10,6,0.1555556,3,6
10,7,0.1777778,4,6
10,8,0.2666667,4,11
10,9,0.4222222,7,9
10,10,0.5333334,8,6
10,11,0.6222222,6,6
10,12,0.7111111,5,4
10,13,0.7777778,3,3
10,14,0.8444445,2,2
10,15,0.8666667,2,0
10,16,0.8888889,0,0
10,17,0.8888889,0,0
10,18,0.8888889,0,0
11,5,0.08888889,2,3
11,6,0.1111111,2,5
11,7,0.1777778,4,3
11,8,0.2222222,3,4
11,9,0.2666667,3,8
11,10,0.4,6,8
11,11,0.5111111,6,9
11,12,0.6444445,9,5
11,13,0.7555556,6,2
11,14,0.8444445,2,0
11,15,0.8888889,0,0
11,16,0.8888889,0,0
11,17,0.8888889,0,0
11,18,0.8888889,0,0
12,5,0.08888889,2,3
12,6,0.1333333,3,6
12,7,0.1777778,5,7
12,8,0.2444444,5,9
12,9,0.3777778,6,6
12,10,0.4888889,4,7
12,11,0.6,6,6
12,12,0.6888889,5,6
12,13,0.7555556,6,3
12,14,0.8444445,1,0
12,15,0.8666667,0,0
12,16,0.8666667,0,0
12,17,0.8666667,0,0
12,18,0.8666667,0,0
13,5,0.08888889,2,3
13,6,0.1333333,3,5
13,7,0.1555556,3,6
13,8,0.2666667,5,8
13,9,0.4222222,6,9
13,10,0.5333334,4,7
13,11,0.6222222,5,7
13,12,0.6888889,4,5
13,13,0.7333333,4,3
13,14,0.8222222,3,2
13,15,0.8888889,0,0
13,16,0.8888889,0,0
13,17,0.8888889,0,0
13,18,0.8888889,0,0
14,5,0.08888889,2,3
14,6,0.08888889,2,3
14,7,0.1555556,3,6
14,8,0.2,4,5
14,9,0.2222222,2,5
14,10,0.2888889,4,9
14,11,0.3777778,6,8
14,12,0.5333334,6,8
14,13,0.5777778,7,8
14,14,0.7555556,5,2
14,15,0.8,3,2
14,16,0.8888889,0,0
14,17,0.8888889,0,0
14,18,0.8888889,0,0
15,5,0.08888889,2,3
15,6,0.1333333,3,6
15,7,0.1777778,4,6
15,8,0.2666667,5,10
15,9,0.4222222,7,9
15,10,0.4888889,8,7
15,11,0.6,7,8
15,12,0.7111111,7,5
15,13,0.8222222,2,0
15,14,0.8888889,0,0
15,15,0.8888889,0,0
15,16,0.8888889,0,0
15,17,0.8888889,0,0
15,18,0.8888889,0,0
16,5,0.08888889,2,3
16,6,0.1333333,3,6
16,7,0.2,3,7
16,8,0.2,3,7
16,9,0.2444444,4,8
16,10,0.3555556,5,9
16,11,0.5555556,8,7
16,12,0.6222222,7,6
16,13,0.7111111,5,5
16,14,0.8222222,4,0
16,15,0.8888889,0,0
16,16,0.8888889,0,0
16,17,0.8888889,0,0
16,18,0.8888889,0,0
17,5,0.08888889,2,3
17,6,0.1111111,3,5
17,7,0.1555556,3,6
17,8,0.1555556,3,6
17,9,0.2,4,4
17,10,0.2444444,3,8
17,11,0.3111111,4,9
17,12,0.4222222,7,10
17,13,0.6,8,7
17,14,0.7111111,8,3
17,15,0.8222222,3,0
17,16,0.8444445,3,0
17,17,0.8666667,2,0
17,18,0.8888889,0,0
18,5,0.08888889,2,3
18,6,0.08888889,2,3
18,7,0.1111111,2,5
18,8,0.1555556,4,6
18,9,0.2888889,5,8
18,10,0.3777778,5,9
18,11,0.4666667,7,7
18,12,0.5777778,6,8
18,13,0.6666667,6,5
18,14,0.7333333,4,4
18,15,0.7777778,3,3
18,16,0.8444445,3,0
18,17,0.8888889,0,0
18,18,0.8888889,0,0
19,5,0.08888889,2,3
19,6,0.1111111,2,5
19,7,0.1555556,4,6
19,8,0.2444444,5,6
19,9,0.3555556,5,10
19,10,0.5555556,4,7
19,11,0.6444445,5,7
19,12,0.7555556,7,2
19,13,0.8222222,4,0
19,14,0.8666667,1,0
19,15,0.8888889,0,0
19,16,0.8888889,0,0
19,17,0.8888889,0,0
19,18,0.8888889,0,0
20,5,0.08888889,2,3
20,6,0.1111111,3,5
20,7,0.1555556,4,6
20,8,0.2444444,3,6
20,9,0.2888889,4,7
20,10,0.3777778,6,7
20,11,0.4666667,5,11
20,12,0.5555556,6,7
20,13,0.7111111,6,4
20,14,0.7777778,5,2
20,15,0.8222222,4,0
20,16,0.8666667,0,0
20,17,0.8888889,0,0
20,18,0.8888889,0,0
21,5,0.08888889,2,3
21,6,0.1111111,3,4
21,7,0.1777778,4,11
21,8,0.3333333,5,8
21,9,0.3777778,5,11
21,10,0.5333334,6,9
21,11,0.7333333,5,6
21,12,0.7777778,4,2
21,13,0.8444445,1,0
21,14,0.8666667,0,0
21,15,0.8888889,0,0
21,16,0.8888889,0,0
21,17,0.8888889,0,0
21,18,0.8888889,0,0
22,5,0.08888889,2,3
22,6,0.1333333,3,5
22,7,0.2,4,4
22,8,0.2444444,4,5
22,9,0.2666667,3,5
22,10,0.3111111,4,8
22,11,0.4,4,7
22,12,0.4666667,6,9
22,13,0.6,6,8
22,14,0.6888889,5,5
22,15,0.8222222,3,2
22,16,0.8444445,2,0
22,17,0.8666667,0,0
22,18,0.8666667,0,0
23,5,0.08888889,2,3
23,6,0.1555556,3,6
23,7,0.2222222,5,6
23,8,0.3333333,7,8
23,9,0.4222222,8,9
23,10,0.6,8,7
23,11,0.7555556,7,2
23,12,0.8444445,2,0
23,13,0.8666667,0,0
23,14,0.8666667,0,0
23,15,0.8666667,0,0
23,16,0.8888889,0,0
23,17,0.8888889,0,0
23,18,0.8888889,0,0
24,5,0.08888889,2,3
24,6,0.08888889,2,3
24,7,0.1333333,3,6
24,8,0.2444444,5,9
24,9,0.3777778,6,9
24,10,0.4888889,8,10
24,11,0.6222222,5,8
24,12,0.7555556,5,4
24,13,0.8222222,3,2
24,14,0.8444445,1,0
24,15,0.8888889,0,0
24,16,0.8888889,0,0
24,17,0.8888889,0,0
24,18,0.8888889,0,0
25,5,0.08888889,2,3
25,6,0.1555556,3,6
25,7,0.2222222,2,5
25,8,0.3111111,4,8
25,9,0.4,8,7
25,10,0.5333334,5,9
25,11,0.7111111,7,4
25,12,0.8,2,2
25,13,0.8222222,2,0
25,14,0.8666667,0,0
25,15,0.8666667,0,0
25,16,0.8666667,0,0
25,17,0.8888889,0,0
25,18,0.8888889,0,0
26,5,0.08888889,2,3
26,6,0.1111111,3,4
26,7,0.1333333,4,5
26,8,0.2,5,7
26,9,0.3111111,6,11
26,10,0.4888889,7,11
26,11,0.6888889,6,5
26,12,0.7777778,3,4
26,13,0.8444445,3,0
26,14,0.8888889,0,0
26,15,0.8888889,0,0
26,16,0.8888889,0,0
26,17,0.8888889,0,0
26,18,0.8888889,0,0
27,5,0.08888889,2,3
27,6,0.1333333,3,6
27,7,0.1777778,5,7
27,8,0.2888889,6,10
27,9,0.4444444,6,10
27,10,0.5777778,8,9
27,11,0.7777778,5,0
27,12,0.8666667,0,0
27,13,0.8666667,0,0
27,14,0.8666667,0,0
27,15,0.8888889,0,0
27,16,0.8888889,0,0
27,17,0.8888889,0,0
27,18,0.8888889,0,0
28,5,0.08888889,2,3
28,6,0.1555556,3,6
28,7,0.2,4,5
28,8,0.2888889,4,6
28,9,0.3333333,5,9
28,10,0.4222222,7,9
28,11,0.5111111,5,10
28,12,0.5555556,5,10
28,13,0.6666667,8,5
28,14,0.7777778,5,0
28,15,0.8222222,3,0
28,16,0.8666667,0,0
28,17,0.8666667,0,0
28,18,0.8888889,0,0
29,5,0.08888889,2,3
29,6,0.1333333,3,6
29,7,0.2222222,5,6
29,8,0.3111111,4,8
29,9,0.4222222,7,5
29,10,0.5333334,3,6
29,11,0.5777778,3,7
29,12,0.6444445,5,6
29,13,0.7111111,5,4
29,14,0.7555556,6,2
29,15,0.8444445,2,0
29,16,0.8666667,0,0
29,17,0.8666667,0,0
29,18,0.8666667,0,0
30,5,0.08888889,2,3
30,6,0.1333333,3,6
30,7,0.2,5,7
30,8,0.2,5,7
30,9,0.3111111,6,8
30,10,0.4222222,4,6
30,11,0.5111111,3,7
30,12,0.6222222,5,6
30,13,0.6444445,5,6
30,14,0.7333333,4,4
30,15,0.8444445,0,0
30,16,0.8444445,0,0
30,17,0.8666667,0,0
30,18,0.8666667,0,0
31,5,0.08888889,2,3
31,6,0.1333333,3,6
31,7,0.2444444,5,9
31,8,0.4222222,5,8
31,9,0.5111111,5,8
31,10,0.6222222,7,8
31,11,0.8222222,5,0
31,12,0.8444445,2,0
31,13,0.8888889,0,0
31,14,0.8888889,0,0
31,15,0.8888889,0,0
31,16,0.8888889,0,0
31,17,0.8888889,0,0
31,18,0.8888889,0,0
32,5,0.08888889,2,3
32,6,0.1333333,3,6
32,7,0.2,5,8
32,8,0.3333333,7,5
32,9,0.4666667,5,8
32,10,0.6,6,5
32,11,0.6888889,5,4
32,12,0.7555556,4,2
32,13,0.8222222,3,0
32,14,0.8222222,3,0
32,15,0.8666667,0,0
32,16,0.8666667,0,0
32,17,0.8888889,0,0
32,18,0.8888889,0,0
33,5,0.08888889,2,3
33,6,0.1111111,3,5
33,7,0.1777778,4,7
33,8,0.2666667,5,8
33,9,0.4222222,4,8
33,10,0.5777778,4,7
33,11,0.6444445,6,7
33,12,0.8,3,2
33,13,0.8666667,2,0
33,14,0.8666667,2,0
33,15,0.8666667,2,0
33,16,0.8888889,0,0
33,17,0.8888889,0,0
33,18,0.8888889,0,0
34,5,0.08888889,2,3
34,6,0.1111111,2,5
34,7,0.1555556,4,6
34,8,0.2444444,6,5
34,9,0.2888889,3,8
34,10,0.4222222,4,8
34,11,0.6222222,7,6
34,12,0.7333333,5,4
34,13,0.7777778,4,3
34,14,0.8444445,3,0
34,15,0.8888889,0,0
34,16,0.8888889,0,0
34,17,0.8888889,0,0
34,18,0.8888889,0,0
35,5,0.08888889,2,3
35,6,0.1555556,3,6
35,7,0.2222222,5,11
35,8,0.3777778,6,10
35,9,0.4888889,9,9
35,10,0.6444445,9,6
35,11,0.8,5,0
35,12,0.8222222,2,0
35,13,0.8666667,0,0
35,14,0.8888889,0,0
35,15,0.8888889,0,0
35,16,0.8888889,0,0
35,17,0.8888889,0,0
35,18,0.8888889,0,0
36,5,0.08888889,2,3
36,6,0.1111111,2,5
36,7,0.1777778,5,7
36,8,0.2444444,3,10
36,9,0.4,7,7
36,10,0.4666667,6,6
36,11,0.5777778,5,8
36,12,0.6888889,8,6
36,13,0.8444445,1,0
36,14,0.8444445,1,0
36,15,0.8888889,0,0
36,16,0.8888889,0,0
36,17,0.8888889,0,0
36,18,0.8888889,0,0
37,5,0.08888889,2,3
37,6,0.1111111,2,5
37,7,0.1555556,4,5
37,8,0.1777778,4,6
37,9,0.2666667,5,8
37,10,0.3555556,6,9
37,11,0.5111111,5,7
37,12,0.6666667,4,6
37,13,0.8,3,3
37,14,0.8666667,2,0
37,15,0.8888889,0,0
37,16,0.8888889,0,0
37,17,0.8888889,0,0
37,18,0.8888889,0,0
38,5,0.08888889,2,3
38,6,0.1111111,3,4
38,7,0.1333333,3,6
38,8,0.2444444,5,7
38,9,0.3777778,5,8
38,10,0.4888889,6,7
38,11,0.6,7,9
38,12,0.7333333,5,5
38,13,0.8222222,2,0
38,14,0.8666667,0,0
38,15,0.8888889,0,0
38,16,0.8888889,0,0
38,17,0.8888889,0,0
38,18,0.8888889,0,0
39,5,0.08888889,2,3
39,6,0.1333333,3,5
39,7,0.2,4,4
39,8,0.2888889,4,8
39,9,0.3777778,5,5
39,10,0.4222222,5,8
39,11,0.5111111,6,8
39,12,0.6222222,6,7
39,13,0.7333333,4,4
39,14,0.8,4,2
39,15,0.8444445,0,0
39,16,0.8666667,0,0
39,17,0.8888889,0,0
39,18,0.8888889,0,0
40,5,0.08888889,2,3
40,6,0.1555556,3,6
40,7,0.2444444,5,6
40,8,0.3555556,4,9
40,9,0.4222222,5,9
40,10,0.4888889,5,10
40,11,0.6222222,9,6
40,12,0.7333333,4,5
40,13,0.7555556,5,2
40,14,0.8222222,2,0
40,15,0.8888889,0,0
40,16,0.8888889,0,0
40,17,0.8888889,0,0
40,18,0.8888889,0,0
41,5,0.08888889,2,3
41,6,0.1555556,3,6
41,7,0.1777778,4,11
41,8,0.3111111,8,7
41,9,0.4,4,8
41,10,0.5111111,7,8
41,11,0.6,6,9
41,12,0.7111111,8,2
41,13,0.7777778,6,0
41,14,0.8444445,0,0
41,15,0.8666667,0,0
41,16,0.8666667,0,0
41,17,0.8888889,0,0
41,18,0.8888889,0,0
42,5,0.08888889,2,3
42,6,0.1333333,3,6
42,7,0.2222222,5,8
42,8,0.3333333,5,8
42,9,0.4,7,7
42,10,0.4888889,4,10
42,11,0.6666667,9,5
42,12,0.8,6,0
42,13,0.8666667,2,0
42,14,0.8888889,0,0
42,15,0.8888889,0,0
42,16,0.8888889,0,0
42,17,0.8888889,0,0
42,18,0.8888889,0,0
43,5,0.08888889,2,3
43,6,0.1555556,3,6
43,7,0.2666667,4,9
43,8,0.3333333,5,9
43,9,0.4888889,8,10
43,10,0.6888889,7,6
43,11,0.7555556,6,5
43,12,0.8,5,2
43,13,0.8666667,0,0
43,14,0.8888889,0,0
43,15,0.8888889,0,0
43,16,0.8888889,0,0
43,17,0.8888889,0,0
43,18,0.8888889,0,0
44,5,0.08888889,2,3
44,6,0.1333333,3,5
44,7,0.2222222,3,4
44,8,0.2888889,3,8
44,9,0.4,5,9
44,10,0.5333334,5,7
44,11,0.6444445,8,5
44,12,0.7111111,6,5
44,13,0.7777778,4,4
44,14,0.8222222,3,2
44,15,0.8666667,0,0
44,16,0.8666667,0,0
44,17,0.8888889,0,0
44,18,0.8888889,0,0
45,5,0.08888889,2,3
45,6,0.1555556,3,6
45,7,0.2444444,5,7
45,8,0.4222222,6,10
45,9,0.5777778,7,6
45,10,0.7555556,6,2
45,11,0.8222222,2,0
45,12,0.8666667,0,0
45,13,0.8888889,0,0
45,14,0.8888889,0,0
45,15,0.8888889,0,0
45,16,0.8888889,0,0
45,17,0.8888889,0,0
45,18,0.8888889,0,0
46,5,0.08888889,2,3
46,6,0.1333333,3,6
46,7,0.1777778,4,11
46,8,0.3777778,6,10
46,9,0.5333334,8,7
46,10,0.6666667,5,6
46,11,0.7777778,6,2
46,12,0.8666667,0,0
46,13,0.8666667,0,0
46,14,0.8888889,0,0
46,15,0.8888889,0,0
46,16,0.8888889,0,0
46,17,0.8888889,0,0
46,18,0.8888889,0,0
47,5,0.08888889,2,3
47,6,0.1333333,3,5
47,7,0.2222222,3,4
47,8,0.2666667,3,8
47,9,0.3111111,5,11
47,10,0.4444444,8,9
47,11,0.6222222,9,7
47,12,0.7555556,5,2
47,13,0.8222222,3,0
47,14,0.8666667,1,0
47,15,0.8666667,1,0
47,16,0.8666667,1,0
47,17,0.8888889,0,0
47,18,0.8888889,0,0
48,5,0.08888889,2,3
48,6,0.1555556,3,6
48,7,0.2444444,5,6
48,8,0.3333333,5,9
48,9,0.4666667,6,8
48,10,0.6,4,7
48,11,0.6666667,5,5
48,12,0.8222222,4,0
48,13,0.8444445,3,0
48,14,0.8666667,1,0
48,15,0.8666667,1,0
48,16,0.8666667,1,0
48,17,0.8666667,1,0
48,18,0.8888889,0,0
49,5,0.08888889,2,3
49,6,0.1333333,3,6
49,7,0.1555556,4,6
49,8,0.2444444,4,11
49,9,0.3555556,8,9
49,10,0.4888889,8,7
49,11,0.6222222,7,5
49,12,0.7333333,5,3
49,13,0.8666667,0,0
49,14,0.8888889,0,0
49,15,0.8888889,0,0
49,16,0.8888889,0,0
49,17,0.8888889,0,0
49,18,0.8888889,0,0
50,5,0.08888889,2,3
50,6,0.08888889,2,3
50,7,0.1111111,3,4
50,8,0.1555556,4,11
50,9,0.3555556,8,10
50,10,0.5111111,8,8
50,11,0.6888889,10,2
50,12,0.8222222,2,0
50,13,0.8444445,0,0
50,14,0.8888889,0,0
50,15,0.8888889,0,0
50,16,0.8888889,0,0
50,17,0.8888889,0,0
50,18,0.8888889,0,0
51,5,0.08888889,2,3
51,6,0.1111111,3,4
51,7,0.1555556,4,7
51,8,0.2222222,6,10
51,9,0.2888889,5,12
51,10,0.4,6,11
51,11,0.5555556,7,9
51,12,0.7333333,10,2
51,13,0.8444445,2,0
51,14,0.8666667,0,0
51,15,0.8888889,0,0
51,16,0.8888889,0,0
51,17,0.8888889,0,0
51,18,0.8888889,0,0
52,5,0.08888889,2,3
52,6,0.1333333,3,6
52,7,0.2444444,5,7
52,8,0.3777778,8,9
52,9,0.5333334,9,7
52,10,0.7111111,11,2
52,11,0.8,6,2
52,12,0.8222222,4,2
52,13,0.8666667,0,0
52,14,0.8888889,0,0
52,15,0.8888889,0,0
52,16,0.8888889,0,0
52,17,0.8888889,0,0
52,18,0.8888889,0,0
53,5,0.08888889,2,3
53,6,0.1111111,2,5
53,7,0.1555556,3,6
53,8,0.2444444,5,9
53,9,0.3777778,7,8
53,10,0.5111111,5,7
53,11,0.5555556,4,6
53,12,0.6222222,4,7
53,13,0.7777778,5,3
53,14,0.8444445,3,0
53,15,0.8666667,0,0
53,16,0.8888889,0,0
53,17,0.8888889,0,0
53,18,0.8888889,0,0
54,5,0.08888889,2,3
54,6,0.1333333,3,5
54,7,0.2444444,3,5
54,8,0.3111111,4,9
54,9,0.4666667,6,10
54,10,0.5333334,6,10
54,11,0.7111111,6,3
54,12,0.8444445,3,0
54,13,0.8666667,1,0
54,14,0.8666667,1,0
54,15,0.8666667,1,0
54,16,0.8666667,1,0
54,17,0.8666667,1,0
54,18,0.8888889,0,0
55,5,0.08888889,2,3
55,6,0.1111111,2,5
55,7,0.2222222,4,5
55,8,0.3333333,5,10
55,9,0.5111111,5,8
55,10,0.6444445,6,6
55,11,0.7555556,4,4
55,12,0.7777778,4,2
55,13,0.8444445,0,0
55,14,0.8666667,0,0
55,15,0.8666667,0,0
55,16,0.8666667,0,0
55,17,0.8888889,0,0
55,18,0.8888889,0,0
56,5,0.08888889,2,3
56,6,0.1333333,3,5
56,7,0.2,4,4
56,8,0.2444444,3,5
56,9,0.2666667,3,5
56,10,0.3111111,4,9
56,11,0.3777778,5,8
56,12,0.4444444,5,9
56,13,0.5555556,7,8
56,14,0.6444445,8,4
56,15,0.8,3,2
56,16,0.8222222,2,2
56,17,0.8666667,0,0
56,18,0.8666667,0,0
57,5,0.08888889,2,3
57,6,0.1555556,3,6
57,7,0.2222222,4,8
57,8,0.3111111,4,11
57,9,0.3777778,6,9
57,10,0.5777778,5,7
57,11,0.6888889,7,3
57,12,0.8222222,3,0
57,13,0.8666667,0,0
57,14,0.8666667,0,0
57,15,0.8888889,0,0
57,16,0.8888889,0,0
57,17,0.8888889,0,0
57,18,0.8888889,0,0
58,5,0.08888889,2,3
58,6,0.1333333,3,6
58,7,0.2666667,5,8
58,8,0.3777778,7,9
58,9,0.4888889,5,9
58,10,0.5777778,7,7
58,11,0.6888889,4,5
58,12,0.7777778,5,3
58,13,0.8444445,2,0
58,14,0.8666667,0,0
58,15,0.8666667,0,0
58,16,0.8666667,0,0
58,17,0.8666667,0,0
58,18,0.8666667,0,0
59,5,0.08888889,2,3
59,6,0.08888889,2,3
59,7,0.08888889,2,3
59,8,0.1111111,3,5
59,9,0.1777778,4,4
59,10,0.2444444,3,5
59,11,0.3111111,4,10
59,12,0.4444444,6,10
59,13,0.5555556,9,9
59,14,0.6444445,8,5
59,15,0.7555556,4,3
59,16,0.8222222,2,0
59,17,0.8444445,1,0
59,18,0.8666667,0,0
60,5,0.08888889,2,3
60,6,0.1555556,3,6
60,7,0.1777778,4,11
60,8,0.3111111,7,9
60,9,0.4888889,8,9
60,10,0.6666667,6,6
60,11,0.8444445,2,0
60,12,0.8888889,0,0
60,13,0.8888889,0,0
60,14,0.8888889,0,0
60,15,0.8888889,0,0
60,16,0.8888889,0,0
60,17,0.8888889,0,0
60,18,0.8888889,0,0
61,5,0.08888889,2,3
61,6,0.1111111,3,4
61,7,0.1333333,3,6
61,8,0.2444444,5,6
61,9,0.3111111,5,7
61,10,0.3777778,6,8
61,11,0.5111111,6,7
61,12,0.6222222,8,7
61,13,0.7555556,6,2
61,14,0.8666667,0,0
61,15,0.8666667,0,0
61,16,0.8666667,0,0
61,17,0.8666667,0,0
61,18,0.8888889,0,0
62,5,0.08888889,2,3
62,6,0.08888889,2,3
62,7,0.1111111,3,5
62,8,0.2,3,7
62,9,0.2888889,5,9
62,10,0.4,8,8
62,11,0.5333334,8,8
62,12,0.6222222,9,6
62,13,0.7111111,4,4
62,14,0.7777778,2,2
62,15,0.8222222,2,0
62,16,0.8666667,0,0
62,17,0.8666667,0,0
62,18,0.8666667,0,0
63,5,0.08888889,2,3
63,6,0.1111111,3,5
63,7,0.1555556,3,6
63,8,0.2666667,5,8
63,9,0.3777778,7,11
63,10,0.4666667,8,10
63,11,0.5777778,8,8
63,12,0.6222222,9,7
63,13,0.6888889,7,3
63,14,0.7777778,3,2
63,15,0.8444445,1,0
63,16,0.8666667,0,0
63,17,0.8888889,0,0
63,18,0.8888889,0,0
64,5,0.08888889,2,3
64,6,0.1111111,3,5
64,7,0.1777778,4,4
64,8,0.2222222,3,4
64,9,0.2666667,4,4
64,10,0.3111111,5,7
64,11,0.4,7,10
64,12,0.4666667,5,8
64,13,0.5777778,5,7
64,14,0.6888889,6,3
64,15,0.7555556,3,3
64,16,0.8222222,2,2
64,17,0.8444445,2,2
64,18,0.8888889,0,0
65,5,0.08888889,2,3
65,6,0.1555556,3,6
65,7,0.2222222,5,5
65,8,0.2888889,5,5
65,9,0.3333333,5,5
65,10,0.4,5,9
65,11,0.4888889,5,7
65,12,0.6,4,7
65,13,0.6666667,7,5
65,14,0.7333333,6,3
65,15,0.8666667,0,0
65,16,0.8666667,0,0
65,17,0.8888889,0,0
65,18,0.8888889,0,0
66,5,0.08888889,2,3
66,6,0.1333333,3,5
66,7,0.1777778,4,4
66,8,0.2666667,4,4
66,9,0.3111111,4,10
66,10,0.4222222,5,9
66,11,0.4888889,7,10
66,12,0.6666667,8,5
66,13,0.8,4,0
66,14,0.8666667,0,0
66,15,0.8888889,0,0
66,16,0.8888889,0,0
66,17,0.8888889,0,0
66,18,0.8888889,0,0
67,5,0.08888889,2,3
67,6,0.1333333,3,5
67,7,0.2,2,3
67,8,0.2444444,3,8
67,9,0.3555556,6,6
67,10,0.4888889,6,7
67,11,0.5777778,5,9
67,12,0.6888889,5,4
67,13,0.8222222,2,2
67,14,0.8444445,2,2
67,15,0.8666667,2,0
67,16,0.8888889,0,0
67,17,0.8888889,0,0
67,18,0.8888889,0,0
68,5,0.08888889,2,3
68,6,0.08888889,2,3
68,7,0.1111111,3,4
68,8,0.1777778,4,10
68,9,0.3111111,6,8
68,10,0.4888889,5,10
68,11,0.6222222,5,8
68,12,0.6666667,6,5
68,13,0.8,4,0
68,14,0.8444445,1,0
68,15,0.8666667,0,0
68,16,0.8666667,0,0
68,17,0.8666667,0,0
68,18,0.8666667,0,0
69,5,0.08888889,2,3
69,6,0.1333333,3,6
69,7,0.2444444,5,7
69,8,0.3777778,5,9
69,9,0.4888889,4,9
69,10,0.5555556,6,10
69,11,0.6444445,6,6
69,12,0.8222222,3,2
69,13,0.8888889,0,0
69,14,0.8888889,0,0
69,15,0.8888889,0,0
69,16,0.8888889,0,0
69,17,0.8888889,0,0
69,18,0.8888889,0,0
70,5,0.08888889,2,3
70,6,0.1111111,2,5
70,7,0.1555556,4,3
70,8,0.2444444,3,5
70,9,0.3111111,4,9
70,10,0.4222222,6,8
70,11,0.5111111,8,9
70,12,0.6222222,5,7
70,13,0.7333333,4,4
70,14,0.8666667,2,0
70,15,0.8888889,0,0
70,16,0.8888889,0,0
70,17,0.8888889,0,0
70,18,0.8888889,0,0
71,5,0.08888889,2,3
71,6,0.1333333,3,6
71,7,0.2,6,8
71,8,0.2888889,6,8
71,9,0.3555556,7,11
71,10,0.5111111,9,9
71,11,0.6,8,8
71,12,0.6666667,6,5
71,13,0.8,6,0
71,14,0.8444445,2,0
71,15,0.8666667,0,0
71,16,0.8666667,0,0
71,17,0.8666667,0,0
71,18,0.8888889,0,0
72,5,0.08888889,2,3
72,6,0.1111111,3,4
72,7,0.1555556,4,8
72,8,0.2444444,5,10
72,9,0.3777778,7,10
72,10,0.5555556,7,9
72,11,0.6888889,8,6
72,12,0.7555556,5,3
72,13,0.8444445,2,2
72,14,0.8666667,2,0
72,15,0.8666667,2,0
72,16,0.8666667,2,0
72,17,0.8666667,2,0
72,18,0.8888889,0,0
73,5,0.08888889,2,3
73,6,0.1333333,3,6
73,7,0.2,5,7
73,8,0.2444444,5,7
73,9,0.3333333,5,10
73,10,0.5333334,6,9
73,11,0.6666667,8,7
73,12,0.8,3,0
73,13,0.8666667,0,0
73,14,0.8888889,0,0
73,15,0.8888889,0,0
73,16,0.8888889,0,0
73,17,0.8888889,0,0
73,18,0.8888889,0,0
74,5,0.08888889,2,3
74,6,0.1555556,3,6
74,7,0.2666667,4,6
74,8,0.3777778,5,8
74,9,0.4888889,5,8
74,10,0.6,5,8
74,11,0.7555556,6,3
74,12,0.8222222,2,2
74,13,0.8444445,3,0
74,14,0.8666667,0,0
74,15,0.8888889,0,0
74,16,0.8888889,0,0
74,17,0.8888889,0,0
74,18,0.8888889,0,0
75,5,0.08888889,2,3
75,6,0.1111111,3,5
75,7,0.1555556,5,5
75,8,0.2444444,4,8
75,9,0.3333333,5,11
75,10,0.4444444,6,9
75,11,0.5555556,7,8
75,12,0.6666667,6,7
75,13,0.7555556,4,4
75,14,0.8444445,3,0
75,15,0.8888889,0,0
75,16,0.8888889,0,0
75,17,0.8888889,0,0
75,18,0.8888889,0,0
76,5,0.08888889,2,3
76,6,0.1333333,3,5
76,7,0.2222222,4,5
76,8,0.3111111,4,10
76,9,0.4444444,8,8
76,10,0.5333334,9,8
76,11,0.6888889,6,5
76,12,0.7555556,8,2
76,13,0.8222222,4,1
76,14,0.8222222,4,1
76,15,0.8666667,0,0
76,16,0.8666667,0,0
76,17,0.8888889,0,0
76,18,0.8888889,0,0
77,5,0.08888889,2,3
77,6,0.1333333,3,6
77,7,0.2222222,5,8
77,8,0.3777778,8,9
77,9,0.4888889,7,9
77,10,0.6,6,7
77,11,0.7333333,5,4
77,12,0.8222222,5,0
77,13,0.8666667,0,0
77,14,0.8666667,0,0
77,15,0.8666667,0,0
77,16,0.8666667,0,0
77,17,0.8888889,0,0
77,18,0.8888889,0,0
78,5,0.08888889,2,3
78,6,0.1333333,3,5
78,7,0.1555556,3,6
78,8,0.2444444,3,10
78,9,0.2888889,5,9
78,10,0.4222222,5,9
78,11,0.5555556,4,9
78,12,0.6666667,4,5
78,13,0.8222222,3,2
78,14,0.8444445,3,0
78,15,0.8444445,3,0
78,16,0.8444445,3,0
78,17,0.8888889,0,0
78,18,0.8888889,0,0
79,5,0.08888889,2,3
79,6,0.1555556,3,6
79,7,0.1777778,4,7
79,8,0.2444444,6,6
79,9,0.3333333,7,8
79,10,0.4666667,6,12
79,11,0.6222222,6,8
79,12,0.7111111,6,4
79,13,0.7777778,4,3
79,14,0.7777778,4,3
79,15,0.8444445,3,0
79,16,0.8888889,0,0
79,17,0.8888889,0,0
79,18,0.8888889,0,0
80,5,0.08888889,2,3
80,6,0.1333333,3,6
80,7,0.2,4,4
80,8,0.3111111,4,9
80,9,0.4222222,6,7
80,10,0.5333334,6,7
80,11,0.6444445,7,7
80,12,0.7777778,8,1
80,13,0.8444445,0,0
80,14,0.8666667,0,0
80,15,0.8888889,0,0
80,16,0.8888889,0,0
80,17,0.8888889,0,0
80,18,0.8888889,0,0
81,5,0.08888889,2,3
81,6,0.1555556,3,6
81,7,0.1777778,4,6
81,8,0.2666667,5,8
81,9,0.3555556,5,8
81,10,0.4888889,2,6
81,11,0.5777778,3,7
81,12,0.6666667,6,6
81,13,0.7111111,6,5
81,14,0.7555556,5,2
81,15,0.8222222,2,0
81,16,0.8888889,0,0
81,17,0.8888889,0,0
81,18,0.8888889,0,0
82,5,0.08888889,2,3
82,6,0.1333333,3,6
82,7,0.2,5,7
82,8,0.2444444,6,4
82,9,0.2888889,5,5
82,10,0.3555556,5,8
82,11,0.4666667,6,7
82,12,0.5555556,4,8
82,13,0.6666667,5,6
82,14,0.7777778,4,2
82,15,0.8444445,3,0
82,16,0.8666667,1,0
82,17,0.8666667,1,0
82,18,0.8888889,0,0
83,5,0.08888889,2,3
83,6,0.1555556,3,6
83,7,0.2666667,4,9
83,8,0.3555556,6,11
83,9,0.5555556,7,7
83,10,0.7333333,6,5
83,11,0.8222222,3,0
83,12,0.8444445,1,0
83,13,0.8888889,0,0
83,14,0.8888889,0,0
83,15,0.8888889,0,0
83,16,0.8888889,0,0
83,17,0.8888889,0,0
83,18,0.8888889,0,0
84,5,0.08888889,2,3
84,6,0.08888889,2,3
84,7,0.1555556,3,6
84,8,0.2,5,10
84,9,0.3555556,6,10
84,10,0.4444444,7,10
84,11,0.5333334,6,7
84,12,0.6444445,5,7
84,13,0.7333333,6,4
84,14,0.8444445,2,0
84,15,0.8666667,0,0
84,16,0.8666667,0,0
84,17,0.8666667,0,0
84,18,0.8888889,0,0
85,5,0.08888889,2,3
85,6,0.1111111,3,4
85,7,0.1555556,4,7
85,8,0.2888889,5,8
85,9,0.4444444,7,7
85,10,0.4666667,6,7
85,11,0.5333334,6,7
85,12,0.6,9,7
85,13,0.7555556,6,2
85,14,0.8,4,0
85,15,0.8666667,0,0
85,16,0.8888889,0,0
85,17,0.8888889,0,0
85,18,0.8888889,0,0
86,5,0.08888889,2,3
86,6,0.1111111,3,4
86,7,0.1777778,4,10
86,8,0.2444444,4,11
86,9,0.4222222,6,10
86,10,0.5777778,8,7
86,11,0.7111111,6,3
86,12,0.8,4,2
86,13,0.8444445,3,0
86,14,0.8666667,2,0
86,15,0.8888889,0,0
86,16,0.8888889,0,0
86,17,0.8888889,0,0
86,18,0.8888889,0,0
87,5,0.08888889,2,3
87,6,0.1555556,3,6
87,7,0.2,3,7
87,8,0.2666667,4,6
87,9,0.3111111,4,9
87,10,0.4666667,8,8
87,11,0.6,7,6
87,12,0.6666667,5,5
87,13,0.7111111,4,5
87,14,0.7777778,3,3
87,15,0.8666667,0,0
87,16,0.8888889,0,0
87,17,0.8888889,0,0
87,18,0.8888889,0,0
88,5,0.08888889,2,3
88,6,0.1555556,3,6
88,7,0.2444444,3,5
88,8,0.3111111,5,6
88,9,0.4444444,5,10
88,10,0.6,4,8
88,11,0.6888889,5,7
88,12,0.8,4,2
88,13,0.8666667,2,0
88,14,0.8888889,0,0
88,15,0.8888889,0,0
88,16,0.8888889,0,0
88,17,0.8888889,0,0
88,18,0.8888889,0,0
89,5,0.08888889,2,3
89,6,0.1555556,3,6
89,7,0.2666667,5,8
89,8,0.4444444,6,9
89,9,0.6222222,5,9
89,10,0.7555556,6,3
89,11,0.8222222,2,2
89,12,0.8666667,1,0
89,13,0.8888889,0,0
89,14,0.8888889,0,0
89,15,0.8888889,0,0
89,16,0.8888889,0,0
89,17,0.8888889,0,0
89,18,0.8888889,0,0
90,5,0.08888889,2,3
90,6,0.08888889,2,3
90,7,0.1111111,2,5
90,8,0.1777778,4,4
90,9,0.2444444,3,6
90,10,0.2888889,5,5
90,11,0.3111111,4,8
90,12,0.3777778,6,8
90,13,0.5111111,7,6
90,14,0.6,4,7
90,15,0.7111111,6,6
90,16,0.8444445,3,0
90,17,0.8888889,0,0
90,18,0.8888889,0,0
91,5,0.08888889,2,3
91,6,0.1333333,3,6
91,7,0.2,5,5
91,8,0.2666667,6,5
91,9,0.3555556,5,9
91,10,0.4444444,7,10
91,11,0.5555556,6,9
91,12,0.7111111,8,4
91,13,0.7555556,6,2
91,14,0.8222222,3,2
91,15,0.8666667,2,0
91,16,0.8888889,0,0
91,17,0.8888889,0,0
91,18,0.8888889,0,0
92,5,0.08888889,2,3
92,6,0.1111111,3,5
92,7,0.1555556,4,5
92,8,0.2,3,10
92,9,0.3555556,8,10
92,10,0.5333334,7,7
92,11,0.6,6,5
92,12,0.6666667,5,6
92,13,0.7333333,4,3
92,14,0.8666667,2,0
92,15,0.8666667,2,0
92,16,0.8888889,0,0
92,17,0.8888889,0,0
92,18,0.8888889,0,0
93,5,0.08888889,2,3
93,6,0.1333333,3,6
93,7,0.2222222,4,5
93,8,0.2666667,3,8
93,9,0.3111111,4,9
93,10,0.4,6,10
93,11,0.6,6,6
93,12,0.6888889,6,4
93,13,0.7555556,4,2
93,14,0.8222222,4,0
93,15,0.8666667,0,0
93,16,0.8888889,0,0
93,17,0.8888889,0,0
93,18,0.8888889,0,0
94,5,0.08888889,2,3
94,6,0.1111111,3,5
94,7,0.1555556,4,6
94,8,0.2222222,4,5
94,9,0.2666667,3,6
94,10,0.3777778,5,9
94,11,0.4888889,5,9
94,12,0.6222222,6,9
94,13,0.6888889,5,6
94,14,0.7777778,6,4
94,15,0.8444445,2,2
94,16,0.8888889,0,0
94,17,0.8888889,0,0
94,18,0.8888889,0,0
95,5,0.08888889,2,3
95,6,0.1333333,3,5
95,7,0.2,4,4
95,8,0.2666667,3,8
95,9,0.3777778,6,10
95,10,0.4888889,10,9
95,11,0.5777778,9,8
95,12,0.7111111,5,5
95,13,0.8666667,0,0
95,14,0.8666667,0,0
95,15,0.8666667,0,0
95,16,0.8888889,0,0
95,17,0.8888889,0,0
95,18,0.8888889,0,0
96,5,0.08888889,2,3
96,6,0.1555556,3,6
96,7,0.2,5,7
96,8,0.2888889,5,11
96,9,0.4222222,6,12
96,10,0.5777778,7,8
96,11,0.6666667,7,3
96,12,0.8222222,1,2
96,13,0.8666667,0,0
96,14,0.8666667,0,0
96,15,0.8666667,0,0
96,16,0.8888889,0,0
96,17,0.8888889,0,0
96,18,0.8888889,0,0
97,5,0.08888889,2,3
97,6,0.08888889,2,3
97,7,0.08888889,2,3
97,8,0.1333333,3,6
97,9,0.1777778,4,4
97,10,0.2666667,4,9
97,11,0.3777778,6,7
97,12,0.4666667,4,6
97,13,0.5333334,6,7
97,14,0.6666667,6,6
97,15,0.8222222,2,2
97,16,0.8888889,0,0
97,17,0.8888889,0,0
97,18,0.8888889,0,0
98,5,0.08888889,2,3
98,6,0.08888889,2,3
98,7,0.1111111,3,4
98,8,0.1555556,4,11
98,9,0.2888889,9,11
98,10,0.4222222,8,12
98,11,0.5111111,6,9
98,12,0.6444445,8,6
98,13,0.7555556,4,4
98,14,0.8,3,3
98,15,0.8222222,4,0
98,16,0.8666667,2,0
98,17,0.8888889,0,0
98,18,0.8888889,0,0
99,5,0.08888889,2,3
99,6,0.1111111,2,5
99,7,0.1777778,3,6
99,8,0.2666667,5,5
99,9,0.3333333,7,9
99,10,0.4888889,9,8
99,11,0.6222222,7,6
99,12,0.7777778,4,2
99,13,0.8222222,3,2
99,14,0.8666667,0,0
99,15,0.8888889,0,0
99,16,0.8888889,0,0
99,17,0.8888889,0,0
99,18,0.8888889,0,0
100,5,0.08888889,2,3
100,6,0.1111111,2,5
100,7,0.1555556,4,6
100,8,0.2444444,4,11
100,9,0.3777778,7,9
100,10,0.5555556,11,5
100,11,0.6888889,7,5
100,12,0.8,3,2
100,13,0.8222222,2,2
100,14,0.8444445,1,0
100,15,0.8888889,0,0
100,16,0.8888889,0,0
100,17,0.8888889,0,0
100,18,0.8888889,0,0
101,5,0.08888889,2,3
101,6,0.1333333,3,6
101,7,0.1333333,3,6
101,8,0.2222222,4,8
101,9,0.3111111,5,6
101,10,0.3333333,5,8
101,11,0.4444444,6,7
101,12,0.5333334,5,6
101,13,0.6222222,4,6
101,14,0.7333333,6,5
101,15,0.8444445,1,0
101,16,0.8444445,1,0
101,17,0.8888889,0,0
101,18,0.8888889,0,0
102,5,0.08888889,2,3
102,6,0.1333333,3,6
102,7,0.2444444,4,10
102,8,0.4444444,7,10
102,9,0.5777778,6,8
102,10,0.7111111,5,5
102,11,0.8,5,2
102,12,0.8,5,2
102,13,0.8222222,4,0
102,14,0.8888889,0,0
102,15,0.8888889,0,0
102,16,0.8888889,0,0
102,17,0.8888889,0,0
102,18,0.8888889,0,0
103,5,0.08888889,2,3
103,6,0.1111111,2,5
103,7,0.1555556,3,6
103,8,0.2444444,4,10
103,9,0.4,6,10
103,10,0.5555556,6,10
103,11,0.6666667,8,5
103,12,0.7777778,5,0
103,13,0.8222222,3,0
103,14,0.8888889,0,0
103,15,0.8888889,0,0
103,16,0.8888889,0,0
103,17,0.8888889,0,0
103,18,0.8888889,0,0
104,5,0.08888889,2,3
104,6,0.1333333,3,5
104,7,0.2444444,3,5
104,8,0.3111111,4,10
104,9,0.4222222,4,8
104,10,0.5111111,6,8
104,11,0.6,5,8
104,12,0.7111111,7,5
104,13,0.8,5,0
104,14,0.8666667,0,0
104,15,0.8888889,0,0
104,16,0.8888889,0,0
104,17,0.8888889,0,0
104,18,0.8888889,0,0
105,5,0.08888889,2,3
105,6,0.1333333,3,5
105,7,0.2222222,4,5
105,8,0.3111111,4,8
105,9,0.4,6,10
105,10,0.6,9,7
105,11,0.6888889,6,3
105,12,0.7777778,3,2
105,13,0.8222222,2,0
105,14,0.8444445,0,0
105,15,0.8444445,0,0
105,16,0.8888889,0,0
105,17,0.8888889,0,0
105,18,0.8888889,0,0
106,5,0.08888889,2,3
106,6,0.1333333,3,6
106,7,0.2,5,7
106,8,0.3111111,6,9
106,9,0.4222222,7,10
106,10,0.6222222,6,5
106,11,0.7777778,4,4
106,12,0.8,4,3
106,13,0.8666667,0,0
106,14,0.8888889,0,0
106,15,0.8888889,0,0
106,16,0.8888889,0,0
106,17,0.8888889,0,0
106,18,0.8888889,0,0
107,5,0.08888889,2,3
107,6,0.1111111,2,5
107,7,0.2,4,4
107,8,0.2444444,2,8
107,9,0.3555556,5,12
107,10,0.5555556,10,10
107,11,0.6888889,6,6
107,12,0.7333333,6,2
107,13,0.8,4,1
107,14,0.8444445,1,0
107,15,0.8666667,0,0
107,16,0.8888889,0,0
107,17,0.8888889,0,0
107,18,0.8888889,0,0
108,5,0.08888889,2,3
108,6,0.08888889,2,3
108,7,0.1111111,3,4
108,8,0.1111111,3,4
108,9,0.1555556,3,6
108,10,0.2,3,7
108,11,0.2888889,5,8
108,12,0.3777778,7,8
108,13,0.6,4,8
108,14,0.6888889,5,5
108,15,0.7777778,3,4
108,16,0.8444445,3,0
108,17,0.8666667,0,0
108,18,0.8888889,0,0
109,5,0.08888889,2,3
109,6,0.08888889,2,3
109,7,0.1333333,3,5
109,8,0.2,4,4
109,9,0.2222222,2,4
109,10,0.2666667,4,6
109,11,0.3111111,5,9
109,12,0.4444444,6,7
109,13,0.6,5,6
109,14,0.6666667,5,6
109,15,0.7333333,5,4
109,16,0.8,4,0
109,17,0.8888889,0,0
109,18,0.8888889,0,0
110,5,0.08888889,2,3
110,6,0.1111111,3,5
110,7,0.1777778,4,4
110,8,0.2666667,4,4
110,9,0.3111111,4,8
110,10,0.4444444,8,9
110,11,0.5333334,7,10
110,12,0.6888889,8,4
110,13,0.8,5,0
110,14,0.8666667,2,0
110,15,0.8888889,0,0
110,16,0.8888889,0,0
110,17,0.8888889,0,0
110,18,0.8888889,0,0
111,5,0.08888889,2,3
111,6,0.1111111,3,5
111,7,0.1777778,4,6
111,8,0.2666667,3,9
111,9,0.4,8,9
111,10,0.4888889,8,8
111,11,0.6222222,6,7
111,12,0.7111111,5,5
111,13,0.8,2,2
111,14,0.8444445,0,0
111,15,0.8888889,0,0
111,16,0.8888889,0,0
111,17,0.8888889,0,0
111,18,0.8888889,0,0
112,5,0.08888889,2,3
112,6,0.08888889,2,3
112,7,0.1555556,3,6
112,8,0.2666667,5,8
112,9,0.4,7,8
112,10,0.5333334,6,7
112,11,0.6222222,4,7
112,12,0.7333333,6,3
112,13,0.8,5,0
112,14,0.8222222,4,0
112,15,0.8666667,1,0
112,16,0.8666667,1,0
112,17,0.8888889,0,0
112,18,0.8888889,0,0
113,5,0.08888889,2,3
113,6,0.1333333,3,6
113,7,0.1555556,3,6
113,8,0.2222222,5,11
113,9,0.3777778,6,9
113,10,0.4888889,6,10
113,11,0.6222222,7,8
113,12,0.7333333,8,3
113,13,0.8,7,0
113,14,0.8222222,5,0
113,15,0.8888889,0,0
113,16,0.8888889,0,0
113,17,0.8888889,0,0
113,18,0.8888889,0,0
114,5,0.08888889,2,3
114,6,0.1111111,3,5
114,7,0.1555556,4,7
114,8,0.2444444,5,9
114,9,0.3777778,6,9
114,10,0.5111111,7,9
114,11,0.7111111,7,5
114,12,0.8222222,4,0
114,13,0.8666667,0,0
114,14,0.8888889,0,0
114,15,0.8888889,0,0
114,16,0.8888889,0,0
114,17,0.8888889,0,0
114,18,0.8888889,0,0
115,5,0.08888889,2,3
115,6,0.1333333,3,5
115,7,0.1777778,4,4
115,8,0.2444444,3,5
115,9,0.3111111,4,5
115,10,0.4,5,8
115,11,0.5333334,6,7
115,12,0.7111111,4,5
115,13,0.8,3,2
115,14,0.8444445,2,0
115,15,0.8888889,0,0
115,16,0.8888889,0,0
115,17,0.8888889,0,0
115,18,0.8888889,0,0
116,5,0.08888889,2,3
116,6,0.1333333,3,5
116,7,0.2,4,5
116,8,0.2888889,4,9
116,9,0.3777778,6,10
116,10,0.4666667,7,8
116,11,0.6888889,7,7
116,12,0.8,7,0
116,13,0.8666667,0,0
116,14,0.8888889,0,0
116,15,0.8888889,0,0
116,16,0.8888889,0,0
116,17,0.8888889,0,0
116,18,0.8888889,0,0
117,5,0.08888889,2,3
117,6,0.1333333,3,5
117,7,0.2,4,4
117,8,0.3111111,4,8
117,9,0.4,6,8
117,10,0.5333334,6,8
117,11,0.6888889,7,3
117,12,0.7777778,5,0
117,13,0.8222222,3,0
117,14,0.8444445,3,0
117,15,0.8666667,1,0
117,16,0.8666667,1,0
117,17,0.8666667,1,0
117,18,0.8666667,1,0
118,5,0.08888889,2,3
118,6,0.1111111,2,5
118,7,0.1777778,4,4
118,8,0.2444444,5,9
118,9,0.3333333,5,9
118,10,0.4666667,7,9
118,11,0.6222222,5,7
118,12,0.7111111,6,5
118,13,0.8,3,0
118,14,0.8444445,0,0
118,15,0.8666667,0,0
118,16,0.8666667,0,0
118,17,0.8666667,0,0
118,18,0.8888889,0,0
119,5,0.08888889,2,3
119,6,0.1111111,3,5
119,7,0.1777778,4,7
119,8,0.2666667,3,5
119,9,0.3333333,4,10
119,10,0.4444444,7,10
119,11,0.5777778,4,8
119,12,0.7111111,5,5
119,13,0.7777778,5,0
119,14,0.8666667,0,0
119,15,0.8888889,0,0
119,16,0.8888889,0,0
119,17,0.8888889,0,0
119,18,0.8888889,0,0
120,5,0.08888889,2,3
120,6,0.1333333,3,5
120,7,0.2,4,4
120,8,0.2666667,4,9
120,9,0.4,4,8
120,10,0.5333334,5,10
120,11,0.6222222,7,7
120,12,0.8,4,2
120,13,0.8222222,4,0
120,14,0.8666667,0,0
120,15,0.8666667,0,0
120,16,0.8888889,0,0
120,17,0.8888889,0,0
120,18,0.8888889,0,0
121,5,0.08888889,2,3
121,6,0.1333333,3,6
121,7,0.1777778,4,11
121,8,0.2888889,7,12
121,9,0.4222222,7,11
121,10,0.5777778,9,10
121,11,0.7777778,7,2
121,12,0.8222222,5,0
121,13,0.8444445,2,0
121,14,0.8666667,2,0
121,15,0.8888889,0,0
121,16,0.8888889,0,0
121,17,0.8888889,0,0
121,18,0.8888889,0,0
122,5,0.08888889,2,3
122,6,0.1111111,2,5
122,7,0.1777778,5,7
122,8,0.3111111,5,9
122,9,0.4888889,7,7
122,10,0.6222222,7,5
122,11,0.7555556,3,3
122,12,0.8666667,2,0
122,13,0.8888889,0,0
122,14,0.8888889,0,0
122,15,0.8888889,0,0
122,16,0.8888889,0,0
122,17,0.8888889,0,0
122,18,0.8888889,0,0
123,5,0.08888889,2,3
123,6,0.08888889,2,3
123,7,0.1111111,2,5
123,8,0.2,3,7
123,9,0.2444444,4,8
123,10,0.3555556,6,8
123,11,0.4,6,10
123,12,0.4888889,7,8
123,13,0.6444445,4,7
123,14,0.7555556,6,2
123,15,0.8444445,2,2
123,16,0.8666667,2,0
123,17,0.8888889,0,0
123,18,0.8888889,0,0
124,5,0.08888889,2,3
124,6,0.1555556,3,6
124,7,0.2,3,7
124,8,0.2666667,5,6
124,9,0.3333333,6,9
124,10,0.4888889,6,8
124,11,0.6444445,9,7
124,12,0.7333333,8,3
124,13,0.7777778,4,2
124,14,0.8444445,2,0
124,15,0.8666667,1,0
124,16,0.8888889,0,0
124,17,0.8888889,0,0
124,18,0.8888889,0,0
125,5,0.08888889,2,3
125,6,0.1111111,3,5
125,7,0.1555556,4,3
125,8,0.2222222,3,4
125,9,0.2666667,3,8
125,10,0.3333333,5,9
125,11,0.4222222,6,9
125,12,0.5777778,5,7
125,13,0.6666667,7,5
125,14,0.6888889,7,5
125,15,0.7555556,5,2
125,16,0.8444445,0,0
125,17,0.8444445,0,0
125,18,0.8666667,0,0
126,5,0.08888889,2,3
126,6,0.1111111,3,5
126,7,0.2,3,7
126,8,0.2222222,4,5
126,9,0.2888889,5,9
126,10,0.4444444,7,9
126,11,0.6,8,8
126,12,0.7777778,4,2
126,13,0.8444445,2,0
126,14,0.8666667,0,0
126,15,0.8666667,0,0
126,16,0.8666667,0,0
126,17,0.8888889,0,0
126,18,0.8888889,0,0
127,5,0.08888889,2,3
127,6,0.1333333,3,6
127,7,0.2444444,5,6
127,8,0.3333333,5,8
127,9,0.4222222,6,8
127,10,0.5555556,7,7
127,11,0.6666667,6,5
127,12,0.7555556,4,4
127,13,0.8222222,2,0
127,14,0.8888889,0,0
127,15,0.8888889,0,0
127,16,0.8888889,0,0
127,17,0.8888889,0,0
127,18,0.8888889,0,0
128,5,0.08888889,2,3
128,6,0.1111111,3,4
128,7,0.1777778,4,11
128,8,0.2666667,6,11
128,9,0.4222222,7,9
128,10,0.5777778,3,6
128,11,0.6888889,5,7
128,12,0.7777778,3,3
128,13,0.8444445,3,0
128,14,0.8888889,0,0
128,15,0.8888889,0,0
128,16,0.8888889,0,0
128,17,0.8888889,0,0
128,18,0.8888889,0,0
129,5,0.08888889,2,3
129,6,0.1111111,3,4
129,7,0.1777778,4,10
129,8,0.3333333,7,12
129,9,0.5111111,8,9
129,10,0.6888889,6,4
129,11,0.7555556,4,2
129,12,0.8666667,2,0
129,13,0.8888889,0,0
129,14,0.8888889,0,0
129,15,0.8888889,0,0
129,16,0.8888889,0,0
129,17,0.8888889,0,0
129,18,0.8888889,0,0
130,5,0.08888889,2,3
130,6,0.1111111,3,4
130,7,0.1333333,4,5
130,8,0.2,5,11
130,9,0.4,8,10
130,10,0.5333334,9,10
130,11,0.7111111,7,2
130,12,0.8222222,3,0
130,13,0.8666667,2,0
130,14,0.8888889,0,0
130,15,0.8888889,0,0
130,16,0.8888889,0,0
130,17,0.8888889,0,0
130,18,0.8888889,0,0
131,5,0.08888889,2,3
131,6,0.1111111,2,5
131,7,0.1333333,3,5
131,8,0.2,4,5
131,9,0.2888889,4,5
131,10,0.3333333,4,10
131,11,0.4666667,7,11
131,12,0.6888889,7,4
131,13,0.8444445,3,0
131,14,0.8666667,2,0
131,15,0.8666667,2,0
131,16,0.8888889,0,0
131,17,0.8888889,0,0
131,18,0.8888889,0,0
132,5,0.08888889,2,3
132,6,0.1111111,3,4
132,7,0.1555556,4,7
132,8,0.2444444,5,9
132,9,0.3333333,5,9
132,10,0.4666667,6,7
132,11,0.5777778,4,6
132,12,0.6888889,5,7
132,13,0.7777778,5,2
132,14,0.8222222,3,0
132,15,0.8888889,0,0
132,16,0.8888889,0,0
132,17,0.8888889,0,0
132,18,0.8888889,0,0
133,5,0.08888889,2,3
133,6,0.1333333,3,6
133,7,0.1777778,5,12
133,8,0.2666667,5,11
133,9,0.3777778,8,10
133,10,0.5111111,9,9
133,11,0.6,10,8
133,12,0.7555556,8,0
133,13,0.8,4,0
133,14,0.8444445,0,0
133,15,0.8888889,0,0
133,16,0.8888889,0,0
133,17,0.8888889,0,0
133,18,0.8888889,0,0
134,5,0.08888889,2,3
134,6,0.08888889,2,3
134,7,0.1555556,3,6
134,8,0.2444444,4,10
134,9,0.3333333,6,8
134,10,0.4666667,4,7
134,11,0.5111111,5,7
134,12,0.6,6,5
134,13,0.6666667,3,5
134,14,0.7111111,3,5
134,15,0.7777778,4,4
134,16,0.8222222,4,1
134,17,0.8666667,0,0
134,18,0.8666667,0,0
135,5,0.08888889,2,3
135,6,0.1111111,3,4
135,7,0.1555556,4,7
135,8,0.2222222,5,11
135,9,0.4,7,8
135,10,0.5111111,4,7
135,11,0.6222222,5,7
135,12,0.6888889,4,4
135,13,0.7777778,4,0
135,14,0.8444445,0,0
135,15,0.8888889,0,0
135,16,0.8888889,0,0
135,17,0.8888889,0,0
135,18,0.8888889,0,0
136,5,0.08888889,2,3
136,6,0.1555556,3,6
136,7,0.2,4,4
136,8,0.2666667,3,8
136,9,0.3333333,5,10
136,10,0.4888889,8,7
136,11,0.5777778,7,5
136,12,0.6444445,7,6
136,13,0.6888889,7,5
136,14,0.7777778,5,0
136,15,0.8666667,0,0
136,16,0.8888889,0,0
136,17,0.8888889,0,0
136,18,0.8888889,0,0
137,5,0.08888889,2,3
137,6,0.1333333,3,6
137,7,0.2222222,4,8
137,8,0.3111111,5,7
137,9,0.4222222,6,8
137,10,0.5333334,4,8
137,11,0.6666667,7,5
137,12,0.7111111,7,5
137,13,0.8222222,3,0
137,14,0.8444445,3,0
137,15,0.8666667,1,0
137,16,0.8888889,0,0
137,17,0.8888889,0,0
137,18,0.8888889,0,0
138,5,0.08888889,2,3
138,6,0.1333333,3,6
138,7,0.2,5,10
138,8,0.2888889,5,9
138,9,0.4222222,5,9
138,10,0.5777778,7,8
138,11,0.7333333,8,2
138,12,0.8666667,2,0
138,13,0.8888889,0,0
138,14,0.8888889,0,0
138,15,0.8888889,0,0
138,16,0.8888889,0,0
138,17,0.8888889,0,0
138,18,0.8888889,0,0
139,5,0.08888889,2,3
139,6,0.1111111,2,5
139,7,0.1555556,4,3
139,8,0.2,2,4
139,9,0.2666667,3,6
139,10,0.3555556,5,9
139,11,0.4666667,5,7
139,12,0.5555556,7,8
139,13,0.6888889,5,5
139,14,0.7555556,4,4
139,15,0.8444445,2,0
139,16,0.8888889,0,0
139,17,0.8888889,0,0
139,18,0.8888889,0,0
140,5,0.08888889,2,3
140,6,0.1111111,2,5
140,7,0.1777778,4,4
140,8,0.2222222,3,4
140,9,0.2666667,3,8
140,10,0.3555556,6,11
140,11,0.4666667,6,7
140,12,0.5777778,6,6
140,13,0.6222222,7,8
140,14,0.8,4,0
140,15,0.8666667,0,0
140,16,0.8666667,0,0
140,17,0.8888889,0,0
140,18,0.8888889,0,0
141,5,0.08888889,2,3
141,6,0.08888889,2,3
141,7,0.1555556,3,6
141,8,0.2222222,5,10
141,9,0.4,8,6
141,10,0.5111111,3,7
141,11,0.6,5,7
141,12,0.7333333,3,6
141,13,0.8222222,4,0
141,14,0.8444445,2,0
141,15,0.8666667,0,0
141,16,0.8666667,0,0
141,17,0.8888889,0,0
141,18,0.8888889,0,0
142,5,0.08888889,2,3
142,6,0.1111111,2,5
142,7,0.2222222,4,5
142,8,0.3111111,5,9
142,9,0.4666667,7,7
142,10,0.6,6,7
142,11,0.6444445,5,6
142,12,0.7555556,6,3
142,13,0.8222222,4,1
142,14,0.8444445,0,0
142,15,0.8888889,0,0
142,16,0.8888889,0,0
142,17,0.8888889,0,0
142,18,0.8888889,0,0
143,5,0.08888889,2,3
143,6,0.1555556,3,6
143,7,0.2,5,8
143,8,0.2888889,4,7
143,9,0.4222222,6,7
143,10,0.5111111,3,7
143,11,0.5777778,3,7
143,12,0.6222222,5,7
143,13,0.7111111,6,5
143,14,0.8,3,2
143,15,0.8666667,0,0
143,16,0.8888889,0,0
143,17,0.8888889,0,0
143,18,0.8888889,0,0
144,5,0.08888889,2,3
144,6,0.1111111,3,5
144,7,0.1777778,5,6
144,8,0.2222222,2,4
144,9,0.3111111,4,9
144,10,0.4888889,9,11
144,11,0.6222222,9,7
144,12,0.7555556,8,2
144,13,0.8,6,0
144,14,0.8222222,3,0
144,15,0.8444445,0,0
144,16,0.8444445,0,0
144,17,0.8444445,0,0
144,18,0.8444445,0,0
145,5,0.08888889,2,3
145,6,0.1555556,3,6
145,7,0.2,3,7
145,8,0.2666667,3,5
145,9,0.3555556,4,7
145,10,0.4444444,7,9
145,11,0.5777778,8,9
145,12,0.7555556,8,0
145,13,0.8444445,1,0
145,14,0.8888889,0,0
145,15,0.8888889,0,0
145,16,0.8888889,0,0
145,17,0.8888889,0,0
145,18,0.8888889,0,0
146,5,0.08888889,2,3
146,6,0.08888889,2,3
146,7,0.1555556,3,6
146,8,0.2,5,8
146,9,0.3111111,5,6
146,10,0.3777778,5,8
146,11,0.5111111,6,8
146,12,0.6444445,5,5
146,13,0.7111111,4,4
146,14,0.8,2,2
146,15,0.8444445,2,0
146,16,0.8888889,0,0
146,17,0.8888889,0,0
146,18,0.8888889,0,0
147,5,0.08888889,2,3
147,6,0.1111111,3,4
147,7,0.1333333,4,9
147,8,0.2444444,7,15
147,9,0.4,10,14
147,10,0.6444445,8,5
147,11,0.7777778,5,0
147,12,0.8444445,1,0
147,13,0.8444445,1,0
147,14,0.8444445,1,0
147,15,0.8666667,0,0
147,16,0.8888889,0,0
147,17,0.8888889,0,0
147,18,0.8888889,0,0
148,5,0.08888889,2,3
148,6,0.1333333,3,6
148,7,0.2,4,4
148,8,0.2888889,4,9
148,9,0.4222222,5,9
148,10,0.5111111,7,8
148,11,0.6222222,5,7
148,12,0.7333333,6,4
148,13,0.8666667,0,0
148,14,0.8888889,0,0
148,15,0.8888889,0,0
148,16,0.8888889,0,0
148,17,0.8888889,0,0
148,18,0.8888889,0,0
149,5,0.08888889,2,3
149,6,0.1111111,3,4
149,7,0.2,4,10
149,8,0.4,6,9
149,9,0.5111111,7,10
149,10,0.6444445,7,6
149,11,0.7111111,2,6
149,12,0.7333333,3,6
149,13,0.8444445,3,0
149,14,0.8666667,0,0
149,15,0.8666667,0,0
149,16,0.8666667,0,0
149,17,0.8888889,0,0
149,18,0.8888889,0,0
150,5,0.08888889,2,3
150,6,0.1111111,2,5
150,7,0.1777778,4,7
150,8,0.2666667,5,9
150,9,0.4,5,8
150,10,0.4888889,5,7
150,11,0.6,5,7
150,12,0.7555556,5,3
150,13,0.8222222,3,2
150,14,0.8666667,2,0
150,15,0.8666667,2,0
150,16,0.8888889,0,0
150,17,0.8888889,0,0
150,18,0.8888889,0,0
151,5,0.08888889,2,3
151,6,0.1555556,3,6
151,7,0.2666667,4,9
151,8,0.4,7,9
151,9,0.5333334,6,10
151,10,0.6222222,5,7
151,11,0.8,3,3
151,12,0.8444445,1,0
151,13,0.8666667,0,0
151,14,0.8666667,0,0
151,15,0.8888889,0,0
151,16,0.8888889,0,0
151,17,0.8888889,0,0
151,18,0.8888889,0,0
152,5,0.08888889,2,3
152,6,0.1333333,3,5
152,7,0.2222222,4,5
152,8,0.3333333,5,10
152,9,0.4666667,7,7
152,10,0.5777778,6,6
152,11,0.6888889,5,5
152,12,0.7777778,4,0
152,13,0.8222222,2,0
152,14,0.8666667,0,0
152,15,0.8888889,0,0
152,16,0.8888889,0,0
152,17,0.8888889,0,0
152,18,0.8888889,0,0
153,5,0.08888889,2,3
153,6,0.1333333,3,5
153,7,0.2222222,2,5
153,8,0.2888889,4,10
153,9,0.4,7,7
153,10,0.5333334,5,8
153,11,0.6666667,6,5
153,12,0.7333333,5,3
153,13,0.8222222,2,2
153,14,0.8666667,0,0
153,15,0.8888889,0,0
153,16,0.8888889,0,0
153,17,0.8888889,0,0
153,18,0.8888889,0,0
154,5,0.08888889,2,3
154,6,0.1555556,3,6
154,7,0.2888889,4,8
154,8,0.3555556,6,9
154,9,0.4444444,6,9
154,10,0.5555556,4,9
154,11,0.6666667,6,6
154,12,0.7555556,4,4
154,13,0.8444445,1,0
154,14,0.8888889,0,0
154,15,0.8888889,0,0
154,16,0.8888889,0,0
154,17,0.8888889,0,0
154,18,0.8888889,0,0
155,5,0.08888889,2,3
155,6,0.1333333,3,5
155,7,0.2222222,4,5
155,8,0.3333333,5,10
155,9,0.4666667,6,10
155,10,0.5777778,7,10
155,11,0.7333333,4,3
155,12,0.7777778,4,1
155,13,0.8666667,1,0
155,14,0.8888889,0,0
155,15,0.8888889,0,0
155,16,0.8888889,0,0
155,17,0.8888889,0,0
155,18,0.8888889,0,0
156,5,0.08888889,2,3
156,6,0.1333333,3,6
156,7,0.2,6,7
156,8,0.2888889,3,7
156,9,0.4222222,6,11
156,10,0.5555556,4,8
156,11,0.7111111,6,5
156,12,0.8666667,0,0
156,13,0.8888889,0,0
156,14,0.8888889,0,0
156,15,0.8888889,0,0
156,16,0.8888889,0,0
156,17,0.8888889,0,0
156,18,0.8888889,0,0
157,5,0.08888889,2,3
157,6,0.1333333,3,5
157,7,0.1777778,4,6
157,8,0.2888889,5,9
157,9,0.4666667,6,12
157,10,0.6444445,9,6
157,11,0.8,3,0
157,12,0.8888889,0,0
157,13,0.8888889,0,0
157,14,0.8888889,0,0
157,15,0.8888889,0,0
157,16,0.8888889,0,0
157,17,0.8888889,0,0
157,18,0.8888889,0,0
158,5,0.08888889,2,3
158,6,0.1111111,2,5
158,7,0.1555556,3,6
158,8,0.2222222,4,8
158,9,0.3333333,7,8
158,10,0.4444444,7,7
158,11,0.5111111,6,6
158,12,0.5777778,5,7
158,13,0.6444445,7,6
158,14,0.7333333,5,4
158,15,0.8222222,3,2
158,16,0.8666667,0,0
158,17,0.8888889,0,0
158,18,0.8888889,0,0
159,5,0.08888889,2,3
159,6,0.1555556,3,6
159,7,0.2444444,5,9
159,8,0.3333333,5,9
159,9,0.4444444,6,7
159,10,0.6,9,7
159,11,0.7111111,6,4
159,12,0.8222222,2,0
159,13,0.8444445,0,0
159,14,0.8666667,0,0
159,15,0.8666667,0,0
159,16,0.8666667,0,0
159,17,0.8666667,0,0
159,18,0.8888889,0,0
160,5,0.08888889,2,3
160,6,0.1111111,2,5
160,7,0.1555556,3,6
160,8,0.2222222,4,11
160,9,0.3777778,8,10
160,10,0.5111111,7,6
160,11,0.6,7,9
160,12,0.6666667,6,6
160,13,0.7333333,5,3
160,14,0.7777778,2,3
160,15,0.8666667,2,0
160,16,0.8888889,0,0
160,17,0.8888889,0,0
160,18,0.8888889,0,0
161,5,0.08888889,2,3
161,6,0.08888889,2,3
161,7,0.1111111,3,4
161,8,0.1777778,4,10
161,9,0.2444444,6,11
161,10,0.4222222,6,12
161,11,0.6,8,7
161,12,0.7333333,7,2
161,13,0.8222222,3,0
161,14,0.8666667,2,0
161,15,0.8888889,0,0
161,16,0.8888889,0,0
161,17,0.8888889,0,0
161,18,0.8888889,0,0
162,5,0.08888889,2,3
162,6,0.1111111,3,4
162,7,0.1555556,4,11
162,8,0.2888889,6,9
162,9,0.4222222,8,8
162,10,0.5555556,7,8
162,11,0.7777778,7,2
162,12,0.8444445,3,0
162,13,0.8444445,3,0
162,14,0.8888889,0,0
162,15,0.8888889,0,0
162,16,0.8888889,0,0
162,17,0.8888889,0,0
162,18,0.8888889,0,0
163,5,0.08888889,2,3
163,6,0.1333333,3,6
163,7,0.2222222,5,11
163,8,0.3555556,6,10
163,9,0.4888889,7,8
163,10,0.6222222,4,7
163,11,0.7333333,6,1
163,12,0.8444445,1,0
163,13,0.8666667,1,0
163,14,0.8888889,0,0
163,15,0.8888889,0,0
163,16,0.8888889,0,0
163,17,0.8888889,0,0
163,18,0.8888889,0,0
164,5,0.08888889,2,3
164,6,0.1111111,3,4
164,7,0.1555556,3,6
164,8,0.2,3,4
164,9,0.2888889,4,8
164,10,0.4,6,7
164,11,0.5111111,5,9
164,12,0.6666667,5,7
164,13,0.7555556,6,3
164,14,0.8222222,3,2
164,15,0.8888889,0,0
164,16,0.8888889,0,0
164,17,0.8888889,0,0
164,18,0.8888889,0,0
165,5,0.08888889,2,3
165,6,0.08888889,2,3
165,7,0.1555556,3,6
165,8,0.2444444,5,9
165,9,0.3555556,7,5
165,10,0.4666667,5,8
165,11,0.5777778,5,7
165,12,0.6666667,6,6
165,13,0.7777778,5,3
165,14,0.8444445,3,0
165,15,0.8888889,0,0
165,16,0.8888889,0,0
165,17,0.8888889,0,0
165,18,0.8888889,0,0
166,5,0.08888889,2,3
166,6,0.1555556,3,6
166,7,0.2444444,5,7
166,8,0.3111111,7,7
166,9,0.4666667,4,9
166,10,0.5333334,5,7
166,11,0.6,2,7
166,12,0.7333333,6,4
166,13,0.8666667,0,0
166,14,0.8666667,0,0
166,15,0.8666667,0,0
166,16,0.8666667,0,0
166,17,0.8888889,0,0
166,18,0.8888889,0,0
167,5,0.08888889,2,3
167,6,0.1333333,3,5
167,7,0.1777778,4,7
167,8,0.2888889,5,10
167,9,0.4222222,8,6
167,10,0.5777778,5,7
167,11,0.6888889,6,3
167,12,0.7555556,4,2
167,13,0.8,4,2
167,14,0.8222222,3,2
167,15,0.8444445,3,0
167,16,0.8888889,0,0
167,17,0.8888889,0,0
167,18,0.8888889,0,0
168,5,0.08888889,2,3
168,6,0.1333333,3,5
168,7,0.2,4,4
168,8,0.2666667,3,8
168,9,0.3555556,5,9
168,10,0.4666667,8,7
168,11,0.5777778,6,7
168,12,0.7111111,5,3
168,13,0.7777778,4,3
168,14,0.8222222,4,2
168,15,0.8222222,4,2
168,16,0.8444445,3,0
168,17,0.8666667,2,0
168,18,0.8888889,0,0
169,5,0.08888889,2,3
169,6,0.1333333,3,6
169,7,0.2222222,4,11
169,8,0.3111111,5,13
169,9,0.5333334,10,9
169,10,0.6888889,8,5
169,11,0.7555556,3,3
169,12,0.8444445,3,0
169,13,0.8666667,1,0
169,14,0.8666667,1,0
169,15,0.8888889,0,0
169,16,0.8888889,0,0
169,17,0.8888889,0,0
169,18,0.8888889,0,0
170,5,0.08888889,2,3
170,6,0.1555556,3,6
170,7,0.2222222,5,10
170,8,0.3333333,6,8
170,9,0.3555556,6,8
170,10,0.4,4,7
170,11,0.5111111,5,9
170,12,0.6888889,8,3
170,13,0.8,3,0
170,14,0.8222222,3,0
170,15,0.8666667,0,0
170,16,0.8888889,0,0
170,17,0.8888889,0,0
170,18,0.8888889,0,0
171,5,0.08888889,2,3
171,6,0.1333333,3,6
171,7,0.1555556,3,6
171,8,0.1777778,4,6
171,9,0.2444444,3,5
171,10,0.3111111,4,10
171,11,0.4888889,7,10
171,12,0.6888889,8,5
171,13,0.8,4,0
171,14,0.8888889,0,0
171,15,0.8888889,0,0
171,16,0.8888889,0,0
171,17,0.8888889,0,0
171,18,0.8888889,0,0
172,5,0.08888889,2,3
172,6,0.1555556,3,6
172,7,0.2,4,5
172,8,0.3111111,4,8
172,9,0.4666667,6,8
172,10,0.5333334,6,7
172,11,0.6444445,6,6
172,12,0.7555556,4,3
172,13,0.8444445,2,0
172,14,0.8666667,2,0
172,15,0.8888889,0,0
172,16,0.8888889,0,0
172,17,0.8888889,0,0
172,18,0.8888889,0,0
173,5,0.08888889,2,3
173,6,0.1333333,3,5
173,7,0.2,2,4
173,8,0.2666667,4,4
173,9,0.3333333,4,10
173,10,0.4888889,7,7
173,11,0.5333334,6,7
173,12,0.6444445,6,7
173,13,0.7333333,6,5
173,14,0.8222222,3,0
173,15,0.8888889,0,0
173,16,0.8888889,0,0
173,17,0.8888889,0,0
173,18,0.8888889,0,0
174,5,0.08888889,2,3
174,6,0.1111111,2,5
174,7,0.1555556,3,6
174,8,0.2,3,4
174,9,0.2888889,4,8
174,10,0.4,8,7
174,11,0.5111111,6,9
174,12,0.6,8,6
174,13,0.7333333,4,3
174,14,0.7777778,4,2
174,15,0.8222222,2,0
174,16,0.8666667,0,0
174,17,0.8666667,0,0
174,18,0.8888889,0,0
175,5,0.08888889,2,3
175,6,0.1333333,3,5
175,7,0.2222222,4,5
175,8,0.2888889,3,8
175,9,0.4222222,7,7
175,10,0.6,5,7
175,11,0.6888889,7,6
175,12,0.7777778,7,0
175,13,0.8666667,2,0
175,14,0.8888889,0,0
175,15,0.8888889,0,0
175,16,0.8888889,0,0
175,17,0.8888889,0,0
175,18,0.8888889,0,0
176,5,0.08888889,2,3
176,6,0.1111111,3,5
176,7,0.1333333,4,5
176,8,0.2,6,10
176,9,0.3333333,7,10
176,10,0.4444444,9,8
176,11,0.6222222,4,5
176,12,0.7111111,6,5
176,13,0.8,4,2
176,14,0.8444445,2,0
176,15,0.8888889,0,0
176,16,0.8888889,0,0
176,17,0.8888889,0,0
176,18,0.8888889,0,0
177,5,0.08888889,2,3
177,6,0.1111111,3,4
177,7,0.1555556,4,11
177,8,0.3333333,6,12
177,9,0.4888889,7,8
177,10,0.6666667,10,5
177,11,0.7333333,9,2
177,12,0.8,4,0
177,13,0.8444445,1,0
177,14,0.8888889,0,0
177,15,0.8888889,0,0
177,16,0.8888889,0,0
177,17,0.8888889,0,0
177,18,0.8888889,0,0
178,5,0.08888889,2,3
178,6,0.1111111,3,5
178,7,0.2,4,5
178,8,0.2444444,5,6
178,9,0.3333333,5,9
178,10,0.4222222,6,6
178,11,0.6,5,6
178,12,0.7111111,5,4
178,13,0.8222222,3,2
178,14,0.8222222,3,2
178,15,0.8888889,0,0
178,16,0.8888889,0,0
178,17,0.8888889,0,0
178,18,0.8888889,0,0
179,5,0.08888889,2,3
179,6,0.1333333,3,5
179,7,0.1777778,4,7
179,8,0.2666667,5,9
179,9,0.4,4,6
179,10,0.5111111,4,6
179,11,0.5555556,4,7
179,12,0.7111111,6,5
179,13,0.8444445,2,0
179,14,0.8666667,0,0
179,15,0.8666667,0,0
179,16,0.8888889,0,0
179,17,0.8888889,0,0
179,18,0.8888889,0,0
180,5,0.08888889,2,3
180,6,0.1111111,3,4
180,7,0.2,4,10
180,8,0.3111111,7,10
180,9,0.4888889,6,10
180,10,0.6,4,7
180,11,0.7333333,5,4
180,12,0.8222222,3,2
180,13,0.8666667,0,0
180,14,0.8888889,0,0
180,15,0.8888889,0,0
180,16,0.8888889,0,0
180,17,0.8888889,0,0
180,18,0.8888889,0,0
181,5,0.08888889,2,3
181,6,0.1555556,3,6
181,7,0.2666667,4,9
181,8,0.3333333,6,9
181,9,0.4666667,5,7
181,10,0.5555556,5,8
181,11,0.6444445,5,7
181,12,0.8,3,2
181,13,0.8666667,2,0
181,14,0.8888889,0,0
181,15,0.8888889,0,0
181,16,0.8888889,0,0
181,17,0.8888889,0,0
181,18,0.8888889,0,0
182,5,0.08888889,2,3
182,6,0.1555556,3,6
182,7,0.2222222,4,8
182,8,0.2666667,5,7
182,9,0.3111111,6,8
182,10,0.4222222,5,9
182,11,0.5333334,7,7
182,12,0.6444445,4,6
182,13,0.7111111,5,5
182,14,0.8222222,1,2
182,15,0.8444445,1,0
182,16,0.8666667,1,0
182,17,0.8888889,0,0
182,18,0.8888889,0,0
183,5,0.08888889,2,3
183,6,0.1333333,3,6
183,7,0.2,4,5
183,8,0.3111111,4,8
183,9,0.3777778,5,7
183,10,0.5333334,6,7
183,11,0.6222222,8,7
183,12,0.8,4,0
183,13,0.8666667,0,0
183,14,0.8888889,0,0
183,15,0.8888889,0,0
183,16,0.8888889,0,0
183,17,0.8888889,0,0
183,18,0.8888889,0,0
184,5,0.08888889,2,3
184,6,0.1333333,3,5
184,7,0.2,3,7
184,8,0.2888889,6,9
184,9,0.4666667,7,7
184,10,0.5777778,5,6
184,11,0.6666667,6,6
184,12,0.7555556,6,2
184,13,0.8666667,0,0
184,14,0.8888889,0,0
184,15,0.8888889,0,0
184,16,0.8888889,0,0
184,17,0.8888889,0,0
184,18,0.8888889,0,0
185,5,0.08888889,2,3
185,6,0.1111111,3,4
185,7,0.1555556,4,7
185,8,0.2666667,5,8
185,9,0.4,7,7
185,10,0.5111111,5,8
185,11,0.6888889,7,4
185,12,0.7777778,5,2
185,13,0.8222222,3,2
185,14,0.8222222,3,2
185,15,0.8888889,0,0
185,16,0.8888889,0,0
185,17,0.8888889,0,0
185,18,0.8888889,0,0
186,5,0.08888889,2,3
186,6,0.1111111,3,4
186,7,0.1555556,4,7
186,8,0.2222222,6,7
186,9,0.3333333,6,8
186,10,0.4666667,6,7
186,11,0.5333334,4,8
186,12,0.6,5,9
186,13,0.7111111,8,2
186,14,0.8222222,2,0
186,15,0.8444445,0,0
186,16,0.8888889,0,0
186,17,0.8888889,0,0
186,18,0.8888889,0,0
187,5,0.08888889,2,3
187,6,0.1111111,3,4
187,7,0.1555556,4,11
187,8,0.3333333,9,10
187,9,0.5111111,9,10
187,10,0.6444445,6,7
187,11,0.7111111,6,4
187,12,0.7777778,4,2
187,13,0.8666667,0,0
187,14,0.8666667,0,0
187,15,0.8666667,0,0
187,16,0.8666667,0,0
187,17,0.8888889,0,0
187,18,0.8888889,0,0
188,5,0.08888889,2,3
188,6,0.1333333,3,6
188,7,0.2,5,11
188,8,0.4222222,8,10
188,9,0.6,9,7
188,10,0.7333333,5,3
188,11,0.7777778,5,3
188,12,0.8222222,4,0
188,13,0.8666667,2,0
188,14,0.8888889,0,0
188,15,0.8888889,0,0
188,16,0.8888889,0,0
188,17,0.8888889,0,0
188,18,0.8888889,0,0
189,5,0.08888889,2,3
189,6,0.1111111,3,5
189,7,0.1333333,4,6
189,8,0.2,3,7
189,9,0.3333333,5,8
189,10,0.4222222,6,8
189,11,0.5555556,6,7
189,12,0.6666667,8,6
189,13,0.8,4,0
189,14,0.8888889,0,0
189,15,0.8888889,0,0
189,16,0.8888889,0,0
189,17,0.8888889,0,0
189,18,0.8888889,0,0
190,5,0.08888889,2,3
190,6,0.1555556,3,6
190,7,0.2222222,4,8
190,8,0.2888889,4,6
190,9,0.3555556,5,10
190,10,0.4888889,4,10
190,11,0.5333334,5,10
190,12,0.7111111,7,4
190,13,0.7777778,4,0
190,14,0.8444445,0,0
190,15,0.8444445,0,0
190,16,0.8888889,0,0
190,17,0.8888889,0,0
190,18,0.8888889,0,0
191,5,0.08888889,2,3
191,6,0.1111111,2,5
191,7,0.1777778,4,3
191,8,0.2444444,3,5
191,9,0.2888889,4,6
191,10,0.4,4,9
191,11,0.5333334,6,9
191,12,0.6666667,9,4
191,13,0.7555556,6,2
191,14,0.8222222,3,0
191,15,0.8888889,0,0
191,16,0.8888889,0,0
191,17,0.8888889,0,0
191,18,0.8888889,0,0
192,5,0.08888889,2,3
192,6,0.1111111,2,5
192,7,0.2,4,4
192,8,0.2888889,4,9
192,9,0.4,7,8
192,10,0.4888889,8,8
192,11,0.6444445,7,5
192,12,0.7555556,3,4
192,13,0.8444445,1,0
192,14,0.8666667,1,0
192,15,0.8888889,0,0
192,16,0.8888889,0,0
192,17,0.8888889,0,0
192,18,0.8888889,0,0
193,5,0.08888889,2,3
193,6,0.1111111,2,5
193,7,0.1555556,4,5
193,8,0.2222222,4,8
193,9,0.2888889,3,8
193,10,0.3111111,4,9
193,11,0.4,5,9
193,12,0.5333334,7,8
193,13,0.6888889,7,5
193,14,0.7333333,7,2
193,15,0.8666667,0,0
193,16,0.8666667,0,0
193,17,0.8666667,0,0
193,18,0.8888889,0,0
194,5,0.08888889,2,3
194,6,0.1111111,2,5
194,7,0.1333333,3,6
194,8,0.1777778,4,7
194,9,0.2888889,5,10
194,10,0.4444444,5,7
194,11,0.5333334,4,7
194,12,0.6222222,6,7
194,13,0.7333333,5,4
194,14,0.8222222,3,1
194,15,0.8666667,0,0
194,16,0.8888889,0,0
194,17,0.8888889,0,0
194,18,0.8888889,0,0
195,5,0.08888889,2,3
195,6,0.1111111,3,5
195,7,0.1333333,3,5
195,8,0.2,2,4
195,9,0.2666667,4,4
195,10,0.2888889,4,5
195,11,0.3555556,5,8
195,12,0.5111111,5,8
195,13,0.6888889,8,5
195,14,0.7555556,4,3
195,15,0.8,4,2
195,16,0.8666667,0,0
195,17,0.8888889,0,0
195,18,0.8888889,0,0
196,5,0.08888889,2,3
196,6,0.08888889,2,3
196,7,0.1555556,3,6
196,8,0.2222222,4,8
196,9,0.2888889,6,5
196,10,0.3777778,4,9
196,11,0.5333334,8,7
196,12,0.7111111,6,3
196,13,0.8222222,3,0
196,14,0.8444445,2,0
196,15,0.8666667,0,0
196,16,0.8666667,0,0
196,17,0.8888889,0,0
196,18,0.8888889,0,0
197,5,0.08888889,2,3
197,6,0.1555556,3,6
197,7,0.2666667,3,7
197,8,0.3333333,5,7
197,9,0.4444444,5,6
197,10,0.5333334,3,6
197,11,0.5333334,3,6
197,12,0.5777778,3,6
197,13,0.6,2,7
197,14,0.6888889,5,4
197,15,0.7555556,6,3
197,16,0.8666667,0,0
197,17,0.8666667,0,0
197,18,0.8888889,0,0
198,5,0.08888889,2,3
198,6,0.1555556,3,6
198,7,0.2,4,4
198,8,0.2666667,4,6
198,9,0.3333333,5,8
198,10,0.4888889,6,8
198,11,0.5777778,6,7
198,12,0.6888889,7,5
198,13,0.8,3,2
198,14,0.8666667,2,0
198,15,0.8666667,2,0
198,16,0.8888889,0,0
198,17,0.8888889,0,0
198,18,0.8888889,0,0
199,5,0.08888889,2,3
199,6,0.1333333,3,6
199,7,0.2222222,6,11
199,8,0.3555556,9,10
199,9,0.5111111,5,9
199,10,0.6666667,7,7
199,11,0.8,4,0
199,12,0.8666667,0,0
199,13,0.8666667,0,0
199,14,0.8666667,0,0
199,15,0.8666667,0,0
199,16,0.8888889,0,0
199,17,0.8888889,0,0
199,18,0.8888889,0,0
200,5,0.08888889,2,3
200,6,0.1333333,3,6
200,7,0.1777778,5,6
200,8,0.2222222,5,8
200,9,0.3111111,5,10
200,10,0.4666667,7,9
200,11,0.7333333,7,3
200,12,0.8222222,3,0
200,13,0.8666667,0,0
200,14,0.8888889,0,0
200,15,0.8888889,0,0
200,16,0.8888889,0,0
200,17,0.8888889,0,0
200,18,0.8888889,0,0
201,5,0.08888889,2,3
201,6,0.1333333,3,6
201,7,0.2,5,5
201,8,0.3111111,4,8
201,9,0.4,6,8
201,10,0.5111111,6,8
201,11,0.6,6,7
201,12,0.7111111,6,3
201,13,0.8222222,3,0
201,14,0.8666667,0,0
201,15,0.8666667,0,0
201,16,0.8888889,0,0
201,17,0.8888889,0,0
201,18,0.8888889,0,0
202,5,0.08888889,2,3
202,6,0.1555556,3,6
202,7,0.2222222,5,5
202,8,0.3333333,5,10
202,9,0.4444444,6,10
202,10,0.6,7,7
202,11,0.6666667,6,5
202,12,0.6888889,5,5
202,13,0.7777778,3,4
202,14,0.8444445,2,0
202,15,0.8666667,0,0
202,16,0.8888889,0,0
202,17,0.8888889,0,0
202,18,0.8888889,0,0
203,5,0.08888889,2,3
203,6,0.1333333,3,6
203,7,0.1777778,4,7
203,8,0.2444444,4,10
203,9,0.3555556,6,9
203,10,0.4444444,6,7
203,11,0.5111111,4,7
203,12,0.6222222,5,6
203,13,0.7111111,6,4
203,14,0.8,4,1
203,15,0.8666667,0,0
203,16,0.8666667,0,0
203,17,0.8666667,0,0
203,18,0.8666667,0,0
204,5,0.08888889,2,3
204,6,0.1333333,3,5
204,7,0.2222222,3,4
204,8,0.2444444,3,5
204,9,0.2888889,4,9
204,10,0.3555556,5,6
204,11,0.4444444,5,6
204,12,0.5111111,6,8
204,13,0.5777778,6,8
204,14,0.7555556,6,3
204,15,0.8222222,6,1
204,16,0.8666667,0,0
204,17,0.8666667,0,0
204,18,0.8888889,0,0
205,5,0.08888889,2,3
205,6,0.1333333,3,5
205,7,0.2,3,7
205,8,0.2222222,3,10
205,9,0.3333333,7,10
205,10,0.5111111,9,8
205,11,0.6222222,7,7
205,12,0.7777778,3,3
205,13,0.8222222,3,0
205,14,0.8666667,2,0
205,15,0.8666667,2,0
205,16,0.8888889,0,0
205,17,0.8888889,0,0
205,18,0.8888889,0,0
206,5,0.08888889,2,3
206,6,0.1111111,2,5
206,7,0.1777778,4,4
206,8,0.2888889,4,5
206,9,0.3555556,4,9
206,10,0.5333334,7,9
206,11,0.7333333,6,2
206,12,0.8222222,3,0
206,13,0.8444445,3,0
206,14,0.8666667,1,0
206,15,0.8888889,0,0
206,16,0.8888889,0,0
206,17,0.8888889,0,0
206,18,0.8888889,0,0
207,5,0.08888889,2,3
207,6,0.1333333,3,5
207,7,0.2,4,5
207,8,0.2888889,6,9
207,9,0.4,6,10
207,10,0.5111111,6,9
207,11,0.6888889,5,6
207,12,0.8222222,3,2
207,13,0.8444445,2,0
207,14,0.8444445,2,0
207,15,0.8888889,0,0
207,16,0.8888889,0,0
207,17,0.8888889,0,0
207,18,0.8888889,0,0
208,5,0.08888889,2,3
208,6,0.1555556,3,6
208,7,0.2444444,5,9
208,8,0.4,6,6
208,9,0.5111111,8,7
208,10,0.6444445,6,6
208,11,0.7555556,3,3
208,12,0.7777778,3,3
208,13,0.8222222,2,3
208,14,0.8666667,2,0
208,15,0.8888889,0,0
208,16,0.8888889,0,0
208,17,0.8888889,0,0
208,18,0.8888889,0,0
209,5,0.08888889,2,3
209,6,0.1111111,2,5
209,7,0.1777778,4,6
209,8,0.2888889,3,8
209,9,0.3333333,4,10
209,10,0.4666667,5,8
209,11,0.5555556,5,8
209,12,0.6444445,5,5
209,13,0.7333333,4,5
209,14,0.8222222,3,0
209,15,0.8666667,1,0
209,16,0.8888889,0,0
209,17,0.8888889,0,0
209,18,0.8888889,0,0
210,5,0.08888889,2,3
210,6,0.08888889,2,3
210,7,0.1333333,3,6
210,8,0.1777778,4,7
210,9,0.2666667,5,7
210,10,0.4,6,11
210,11,0.4888889,7,10
210,12,0.6222222,8,6
210,13,0.7111111,6,5
210,14,0.8444445,1,0
210,15,0.8666667,0,0
210,16,0.8888889,0,0
210,17,0.8888889,0,0
210,18,0.8888889,0,0
211,5,0.08888889,2,3
211,6,0.08888889,2,3
211,7,0.1111111,3,5
211,8,0.2,4,4
211,9,0.2444444,3,4
211,10,0.3111111,4,7
211,11,0.4,5,8
211,12,0.5111111,6,6
211,13,0.5555556,7,6
211,14,0.7333333,4,5
211,15,0.8,4,0
211,16,0.8444445,2,0
211,17,0.8888889,0,0
211,18,0.8888889,0,0
212,5,0.08888889,2,3
212,6,0.1111111,3,5
212,7,0.2,4,5
212,8,0.3111111,5,6
212,9,0.3777778,6,8
212,10,0.5333334,4,7
212,11,0.6444445,5,5
212,12,0.7777778,7,0
212,13,0.8222222,3,0
212,14,0.8444445,2,0
212,15,0.8888889,0,0
212,16,0.8888889,0,0
212,17,0.8888889,0,0
212,18,0.8888889,0,0
213,5,0.08888889,2,3
213,6,0.1333333,3,5
213,7,0.2,3,7
213,8,0.2888889,5,9
213,9,0.4444444,6,9
213,10,0.6,6,5
213,11,0.6888889,5,5
213,12,0.7111111,4,5
213,13,0.7555556,4,4
213,14,0.8,4,0
213,15,0.8666667,0,0
213,16,0.8888889,0,0
213,17,0.8888889,0,0
213,18,0.8888889,0,0
214,5,0.08888889,2,3
214,6,0.1333333,3,5
214,7,0.2222222,4,5
214,8,0.2666667,4,6
214,9,0.3555556,5,8
214,10,0.4666667,6,6
214,11,0.5555556,7,7
214,12,0.6888889,7,5
214,13,0.8,3,2
214,14,0.8444445,0,0
214,15,0.8888889,0,0
214,16,0.8888889,0,0
214,17,0.8888889,0,0
214,18,0.8888889,0,0
215,5,0.08888889,2,3
215,6,0.1333333,3,6
215,7,0.2222222,5,8
215,8,0.3555556,7,10
215,9,0.5333334,4,7
215,10,0.6444445,5,9
215,11,0.7555556,7,2
215,12,0.8666667,0,0
215,13,0.8888889,0,0
215,14,0.8888889,0,0
215,15,0.8888889,0,0
215,16,0.8888889,0,0
215,17,0.8888889,0,0
215,18,0.8888889,0,0
216,5,0.08888889,2,3
216,6,0.1555556,3,6
216,7,0.2222222,2,4
216,8,0.2444444,3,5
216,9,0.3111111,3,9
216,10,0.4,6,11
216,11,0.5333334,5,8
216,12,0.6888889,7,5
216,13,0.7777778,3,3
216,14,0.8222222,3,0
216,15,0.8888889,0,0
216,16,0.8888889,0,0
216,17,0.8888889,0,0
216,18,0.8888889,0,0
217,5,0.08888889,2,3
217,6,0.1333333,3,6
217,7,0.2,3,7
217,8,0.2888889,6,9
217,9,0.4,8,10
217,10,0.6222222,5,8
217,11,0.6666667,6,6
217,12,0.7777778,4,2
217,13,0.8666667,2,0
217,14,0.8888889,0,0
217,15,0.8888889,0,0
217,16,0.8888889,0,0
217,17,0.8888889,0,0
217,18,0.8888889,0,0
218,5,0.08888889,2,3
218,6,0.1111111,3,5
218,7,0.2,3,7
218,8,0.3111111,5,9
218,9,0.4222222,5,9
218,10,0.5555556,7,8
218,11,0.6,7,8
218,12,0.6444445,7,6
218,13,0.7333333,5,4
218,14,0.7777778,3,2
218,15,0.8444445,2,0
218,16,0.8666667,0,0
218,17,0.8666667,0,0
218,18,0.8888889,0,0
219,5,0.08888889,2,3
219,6,0.1111111,2,5
219,7,0.1555556,4,3
219,8,0.2222222,3,4
219,9,0.2666667,3,8
219,10,0.3111111,5,10
219,11,0.4222222,7,8
219,12,0.5555556,6,8
219,13,0.6666667,6,6
219,14,0.7333333,4,4
219,15,0.8,3,0
219,16,0.8666667,0,0
219,17,0.8888889,0,0
219,18,0.8888889,0,0
220,5,0.08888889,2,3
220,6,0.1333333,3,6
220,7,0.2,4,10
220,8,0.3777778,6,8
220,9,0.4222222,6,10
220,10,0.6,9,7
220,11,0.7111111,5,4
220,12,0.8222222,3,0
220,13,0.8666667,0,0
220,14,0.8888889,0,0
220,15,0.8888889,0,0
220,16,0.8888889,0,0
220,17,0.8888889,0,0
220,18,0.8888889,0,0
221,5,0.08888889,2,3
221,6,0.1111111,3,5
221,7,0.1777778,4,3
221,8,0.2222222,3,4
221,9,0.2888889,4,5
221,10,0.3333333,5,8
221,11,0.4666667,4,8
221,12,0.6,8,9
221,13,0.7111111,8,2
221,14,0.8222222,4,0
221,15,0.8666667,1,0
221,16,0.8888889,0,0
221,17,0.8888889,0,0
221,18,0.8888889,0,0
222,5,0.08888889,2,3
222,6,0.1111111,3,5
222,7,0.2,4,4
222,8,0.2666667,4,9
222,9,0.3777778,7,11
222,10,0.4888889,7,7
222,11,0.5555556,5,7
222,12,0.6,4,7
222,13,0.7333333,7,4
222,14,0.8888889,0,0
222,15,0.8888889,0,0
222,16,0.8888889,0,0
222,17,0.8888889,0,0
222,18,0.8888889,0,0
223,5,0.08888889,2,3
223,6,0.1111111,2,5
223,7,0.2,5,7
223,8,0.2666667,4,6
223,9,0.3555556,5,8
223,10,0.4666667,6,7
223,11,0.5333334,7,7
223,12,0.6222222,6,7
223,13,0.6888889,7,4
223,14,0.7555556,5,2
223,15,0.8666667,0,0
223,16,0.8666667,0,0
223,17,0.8666667,0,0
223,18,0.8666667,0,0
224,5,0.08888889,2,3
224,6,0.1111111,3,4
224,7,0.1777778,4,10
224,8,0.3111111,7,12
224,9,0.4888889,6,8
224,10,0.6,6,9
224,11,0.7111111,7,4
224,12,0.8222222,6,1
224,13,0.8444445,2,0
224,14,0.8666667,0,0
224,15,0.8888889,0,0
224,16,0.8888889,0,0
224,17,0.8888889,0,0
224,18,0.8888889,0,0
225,5,0.08888889,2,3
225,6,0.1333333,3,6
225,7,0.2222222,6,8
225,8,0.3333333,6,10
225,9,0.5333334,7,7
225,10,0.6888889,9,4
225,11,0.7777778,5,0
225,12,0.8666667,0,0
225,13,0.8888889,0,0
225,14,0.8888889,0,0
225,15,0.8888889,0,0
225,16,0.8888889,0,0
225,17,0.8888889,0,0
225,18,0.8888889,0,0
226,5,0.08888889,2,3
226,6,0.08888889,2,3
226,7,0.1111111,3,4
226,8,0.1777778,4,10
226,9,0.3111111,7,12
226,10,0.5333334,6,9
226,11,0.6666667,7,7
226,12,0.7777778,7,0
226,13,0.8222222,4,0
226,14,0.8666667,0,0
226,15,0.8888889,0,0
226,16,0.8888889,0,0
226,17,0.8888889,0,0
226,18,0.8888889,0,0
227,5,0.08888889,2,3
227,6,0.1111111,3,5
227,7,0.1555556,3,6
227,8,0.2444444,3,8
227,9,0.3555556,6,10
227,10,0.4666667,6,12
227,11,0.6222222,5,8
227,12,0.7333333,5,6
227,13,0.7777778,6,3
227,14,0.8222222,0,2
227,15,0.8666667,1,0
227,16,0.8888889,0,0
227,17,0.8888889,0,0
227,18,0.8888889,0,0
228,5,0.08888889,2,3
228,6,0.1555556,3,6
228,7,0.1777778,4,7
228,8,0.2666667,3,10
228,9,0.4,7,8
228,10,0.5555556,4,8
228,11,0.6222222,3,7
228,12,0.7333333,5,5
228,13,0.8222222,3,2
228,14,0.8666667,0,0
228,15,0.8666667,0,0
228,16,0.8666667,0,0
228,17,0.8888889,0,0
228,18,0.8888889,0,0
229,5,0.08888889,2,3
229,6,0.1333333,3,6
229,7,0.2,5,10
229,8,0.2444444,5,9
229,9,0.3333333,6,9
229,10,0.4444444,3,6
229,11,0.4888889,4,7
229,12,0.6222222,5,8
229,13,0.8,4,2
229,14,0.8444445,2,0
229,15,0.8444445,2,0
229,16,0.8888889,0,0
229,17,0.8888889,0,0
229,18,0.8888889,0,0
230,5,0.08888889,2,3
230,6,0.1333333,3,5
230,7,0.1555556,4,5
230,8,0.2222222,4,8
230,9,0.3555556,6,12
230,10,0.4444444,10,10
230,11,0.6,6,9
230,12,0.7777778,7,2
230,13,0.8666667,2,0
230,14,0.8888889,0,0
230,15,0.8888889,0,0
230,16,0.8888889,0,0
230,17,0.8888889,0,0
230,18,0.8888889,0,0
231,5,0.08888889,2,3
231,6,0.1111111,3,4
231,7,0.1333333,3,6
231,8,0.2,4,4
231,9,0.2444444,4,8
231,10,0.3333333,5,10
231,11,0.4444444,8,10
231,12,0.5777778,6,10
231,13,0.7333333,7,5
231,14,0.7777778,5,3
231,15,0.8222222,3,0
231,16,0.8666667,0,0
231,17,0.8888889,0,0
231,18,0.8888889,0,0
232,5,0.08888889,2,3
232,6,0.1333333,3,6
232,7,0.2222222,6,10
232,8,0.3333333,6,11
232,9,0.5333334,9,11
232,10,0.6888889,8,5
232,11,0.7777778,6,2
232,12,0.8444445,2,0
232,13,0.8888889,0,0
232,14,0.8888889,0,0
232,15,0.8888889,0,0
232,16,0.8888889,0,0
232,17,0.8888889,0,0
232,18,0.8888889,0,0
233,5,0.08888889,2,3
233,6,0.1333333,3,6
233,7,0.2444444,5,9
233,8,0.4444444,6,7
233,9,0.6,6,8
233,10,0.7555556,5,4
233,11,0.8222222,3,0
233,12,0.8666667,0,0
233,13,0.8666667,0,0
233,14,0.8666667,0,0
233,15,0.8666667,0,0
233,16,0.8666667,0,0
233,17,0.8666667,0,0
233,18,0.8888889,0,0
234,5,0.08888889,2,3
234,6,0.1333333,3,6
234,7,0.1555556,4,11
234,8,0.2222222,6,12
234,9,0.4666667,9,12
234,10,0.6444445,6,8
234,11,0.7777778,7,2
234,12,0.8222222,4,0
234,13,0.8888889,0,0
234,14,0.8888889,0,0
234,15,0.8888889,0,0
234,16,0.8888889,0,0
234,17,0.8888889,0,0
234,18,0.8888889,0,0
235,5,0.08888889,2,3
235,6,0.1555556,3,6
235,7,0.2444444,5,9
235,8,0.3555556,6,8
235,9,0.4666667,6,10
235,10,0.6,8,7
235,11,0.7555556,6,3
235,12,0.8444445,0,0
235,13,0.8666667,0,0
235,14,0.8666667,0,0
235,15,0.8666667,0,0
235,16,0.8666667,0,0
235,17,0.8888889,0,0
235,18,0.8888889,0,0
236,5,0.08888889,2,3
236,6,0.1333333,3,6
236,7,0.2222222,5,8
236,8,0.3111111,5,7
236,9,0.4,5,6
236,10,0.4222222,5,6
236,11,0.4888889,4,7
236,12,0.5555556,5,10
236,13,0.6888889,5,5
236,14,0.7777778,4,4
236,15,0.8666667,0,0
236,16,0.8888889,0,0
236,17,0.8888889,0,0
236,18,0.8888889,0,0
237,5,0.08888889,2,3
237,6,0.08888889,2,3
237,7,0.1333333,3,5
237,8,0.1777778,4,4
237,9,0.2444444,2,5
237,10,0.2888889,4,9
237,11,0.4,6,7
237,12,0.5111111,4,7
237,13,0.6444445,7,6
237,14,0.8,3,2
237,15,0.8666667,2,0
237,16,0.8888889,0,0
237,17,0.8888889,0,0
237,18,0.8888889,0,0
238,5,0.08888889,2,3
238,6,0.1333333,3,6
238,7,0.2222222,5,11
238,8,0.4666667,6,9
238,9,0.5555556,7,7
238,10,0.6888889,6,4
238,11,0.8444445,3,0
238,12,0.8444445,3,0
238,13,0.8666667,0,0
238,14,0.8888889,0,0
238,15,0.8888889,0,0
238,16,0.8888889,0,0
238,17,0.8888889,0,0
238,18,0.8888889,0,0
239,5,0.08888889,2,3
239,6,0.08888889,2,3
239,7,0.1111111,2,5
239,8,0.1555556,4,6
239,9,0.2444444,4,7
239,10,0.2888889,6,7
239,11,0.4222222,6,7
239,12,0.5777778,6,7
239,13,0.7111111,6,2
239,14,0.8444445,2,2
239,15,0.8666667,2,0
239,16,0.8888889,0,0
239,17,0.8888889,0,0
239,18,0.8888889,0,0
240,5,0.08888889,2,3
240,6,0.08888889,2,3
240,7,0.1111111,3,4
240,8,0.1777778,4,7
240,9,0.2666667,4,4
240,10,0.3333333,4,9
240,11,0.4222222,6,7
240,12,0.5777778,6,6
240,13,0.6888889,5,3
240,14,0.8,4,0
240,15,0.8444445,0,0
240,16,0.8888889,0,0
240,17,0.8888889,0,0
240,18,0.8888889,0,0
241,5,0.08888889,2,3
241,6,0.1333333,3,6
241,7,0.2,5,5
241,8,0.2888889,5,7
241,9,0.4222222,6,10
241,10,0.5333334,7,7
241,11,0.6888889,6,4
241,12,0.8,4,2
241,13,0.8444445,2,0
241,14,0.8666667,2,0
241,15,0.8888889,0,0
241,16,0.8888889,0,0
241,17,0.8888889,0,0
241,18,0.8888889,0,0
242,5,0.08888889,2,3
242,6,0.1111111,3,4
242,7,0.1555556,4,8
242,8,0.2444444,6,12
242,9,0.4222222,6,10
242,10,0.5111111,8,10
242,11,0.6444445,9,4
242,12,0.8222222,3,2
242,13,0.8888889,0,0
242,14,0.8888889,0,0
242,15,0.8888889,0,0
242,16,0.8888889,0,0
242,17,0.8888889,0,0
242,18,0.8888889,0,0
243,5,0.08888889,2,3
243,6,0.1333333,3,6
243,7,0.2666667,5,8
243,8,0.4,6,8
243,9,0.5111111,5,7
243,10,0.6,5,7
243,11,0.6666667,6,6
243,12,0.7333333,6,4
243,13,0.8,4,0
243,14,0.8666667,0,0
243,15,0.8888889,0,0
243,16,0.8888889,0,0
243,17,0.8888889,0,0
243,18,0.8888889,0,0
244,5,0.08888889,2,3
244,6,0.1333333,3,6
244,7,0.2222222,6,9
244,8,0.3333333,6,10
244,9,0.4666667,7,11
244,10,0.6444445,9,6
244,11,0.7555556,6,4
244,12,0.8222222,3,0
244,13,0.8666667,1,0
244,14,0.8666667,1,0
244,15,0.8666667,1,0
244,16,0.8888889,0,0
244,17,0.8888889,0,0
244,18,0.8888889,0,0
245,5,0.08888889,2,3
245,6,0.1333333,3,6
245,7,0.1777778,4,11
245,8,0.4,6,8
245,9,0.5111111,6,8
245,10,0.6666667,6,7
245,11,0.7777778,3,2
245,12,0.8222222,3,2
245,13,0.8444445,2,0
245,14,0.8666667,2,0
245,15,0.8888889,0,0
245,16,0.8888889,0,0
245,17,0.8888889,0,0
245,18,0.8888889,0,0
246,5,0.08888889,2,3
246,6,0.1555556,3,6
246,7,0.1555556,3,6
246,8,0.2222222,4,5
246,9,0.2666667,4,8
246,10,0.3555556,6,7
246,11,0.4,5,7
246,12,0.5111111,6,8
246,13,0.6888889,5,5
246,14,0.7777778,3,3
246,15,0.8222222,3,0
246,16,0.8444445,0,0
246,17,0.8666667,0,0
246,18,0.8888889,0,0
247,5,0.08888889,2,3
247,6,0.1111111,2,5
247,7,0.1777778,4,3
247,8,0.2,2,3
247,9,0.2444444,2,8
247,10,0.3111111,5,9
247,11,0.4222222,9,10
247,12,0.6222222,5,5
247,13,0.7333333,4,5
247,14,0.7777778,4,2
247,15,0.8666667,0,0
247,16,0.8888889,0,0
247,17,0.8888889,0,0
247,18,0.8888889,0,0
248,5,0.08888889,2,3
248,6,0.1555556,3,6
248,7,0.2444444,5,6
248,8,0.3333333,5,8
248,9,0.4666667,6,7
248,10,0.5777778,3,7
248,11,0.6888889,6,5
248,12,0.7777778,5,2
248,13,0.8444445,2,2
248,14,0.8666667,2,0
248,15,0.8888889,0,0
248,16,0.8888889,0,0
248,17,0.8888889,0,0
248,18,0.8888889,0,0
249,5,0.08888889,2,3
249,6,0.1111111,2,5
249,7,0.1333333,3,6
249,8,0.1777778,5,7
249,9,0.3111111,5,9
249,10,0.4666667,7,7
249,11,0.6,6,8
249,12,0.6888889,7,6
249,13,0.7777778,5,0
249,14,0.8666667,0,0
249,15,0.8666667,0,0
249,16,0.8666667,0,0
249,17,0.8888889,0,0
249,18,0.8888889,0,0
250,5,0.08888889,2,3
250,6,0.1333333,3,6
250,7,0.2,5,8
250,8,0.3111111,4,11
250,9,0.4222222,7,9
250,10,0.5777778,10,8
250,11,0.6888889,10,2
250,12,0.8,7,0
250,13,0.8666667,1,0
250,14,0.8666667,1,0
250,15,0.8888889,0,0
250,16,0.8888889,0,0
250,17,0.8888889,0,0
250,18,0.8888889,0,0
251,5,0.08888889,2,3
251,6,0.1333333,3,6
251,7,0.2222222,5,10
251,8,0.3111111,8,9
251,9,0.4444444,7,9
251,10,0.6,6,7
251,11,0.6888889,6,4
251,12,0.7555556,4,4
251,13,0.8222222,4,2
251,14,0.8666667,0,0
251,15,0.8666667,0,0
251,16,0.8666667,0,0
251,17,0.8888889,0,0
251,18,0.8888889,0,0
252,5,0.08888889,2,3
252,6,0.1333333,3,6
252,7,0.2,4,10
252,8,0.3333333,6,13
252,9,0.4888889,9,11
252,10,0.6444445,11,8
252,11,0.7555556,7,2
252,12,0.8666667,1,0
252,13,0.8666667,1,0
252,14,0.8666667,1,0
252,15,0.8666667,1,0
252,16,0.8888889,0,0
252,17,0.8888889,0,0
252,18,0.8888889,0,0
253,5,0.08888889,2,3
253,6,0.1333333,3,6
253,7,0.2444444,5,6
253,8,0.3111111,5,7
253,9,0.4,6,10
253,10,0.5111111,6,10
253,11,0.6666667,7,5
253,12,0.8,3,2
253,13,0.8666667,2,0
253,14,0.8666667,2,0
253,15,0.8888889,0,0
253,16,0.8888889,0,0
253,17,0.8888889,0,0
253,18,0.8888889,0,0
254,5,0.08888889,2,3
254,6,0.1333333,3,6
254,7,0.1777778,4,7
254,8,0.2222222,5,9
254,9,0.3111111,6,9
254,10,0.4666667,7,8
254,11,0.6,4,7
254,12,0.6666667,4,5
254,13,0.8,4,2
254,14,0.8444445,2,0
254,15,0.8666667,2,0
254,16,0.8666667,2,0
254,17,0.8888889,0,0
254,18,0.8888889,0,0
255,5,0.08888889,2,3
255,6,0.08888889,2,3
255,7,0.1111111,3,5
255,8,0.2,3,7
255,9,0.2444444,4,11
255,10,0.3333333,6,13
255,11,0.4666667,8,11
255,12,0.6666667,5,5
255,13,0.7777778,5,0
255,14,0.8222222,2,0
255,15,0.8666667,0,0
255,16,0.8666667,0,0
255,17,0.8666667,0,0
255,18,0.8888889,0,0
256,5,0.08888889,2,3
256,6,0.1111111,3,5
256,7,0.1555556,4,6
256,8,0.2222222,3,4
256,9,0.2444444,3,8
256,10,0.3111111,6,12
256,11,0.4888889,9,9
256,12,0.5777778,9,8
256,13,0.7111111,7,2
256,14,0.8,4,0
256,15,0.8444445,1,0
256,16,0.8444445,1,0
256,17,0.8444445,1,0
256,18,0.8666667,1,0
257,5,0.08888889,2,3
257,6,0.1333333,3,6
257,7,0.2222222,5,11
257,8,0.4444444,9,6
257,9,0.5333334,5,7
257,10,0.6222222,6,7
257,11,0.7333333,5,5
257,12,0.8444445,2,0
257,13,0.8666667,0,0
257,14,0.8666667,0,0
257,15,0.8888889,0,0
257,16,0.8888889,0,0
257,17,0.8888889,0,0
257,18,0.8888889,0,0
258,5,0.08888889,2,3
258,6,0.1111111,3,5
258,7,0.2,4,4
258,8,0.2444444,4,8
258,9,0.3555556,7,9
258,10,0.5111111,7,8
258,11,0.6222222,7,6
258,12,0.7333333,3,5
258,13,0.7555556,3,4
258,14,0.8,3,3
258,15,0.8666667,2,0
258,16,0.8888889,0,0
258,17,0.8888889,0,0
258,18,0.8888889,0,0
259,5,0.08888889,2,3
259,6,0.08888889,2,3
259,7,0.08888889,2,3
259,8,0.08888889,2,3
259,9,0.1333333,3,5
259,10,0.2,4,4
259,11,0.2444444,4,8
259,12,0.3333333,7,7
259,13,0.4666667,6,9
259,14,0.6,6,6
259,15,0.6888889,5,5
259,16,0.7777778,4,2
259,17,0.8666667,0,0
259,18,0.8888889,0,0
260,5,0.08888889,2,3
260,6,0.1111111,2,5
260,7,0.1777778,3,6
260,8,0.2666667,5,8
260,9,0.3777778,4,9
260,10,0.4888889,7,10
260,11,0.6,8,7
260,12,0.7111111,5,4
260,13,0.7555556,3,3
260,14,0.8222222,3,0
260,15,0.8888889,0,0
260,16,0.8888889,0,0
260,17,0.8888889,0,0
260,18,0.8888889,0,0
261,5,0.08888889,2,3
261,6,0.1333333,3,5
261,7,0.1777778,4,4
261,8,0.2666667,4,4
261,9,0.3111111,4,10
261,10,0.4666667,6,9
261,11,0.5777778,6,6
261,12,0.6666667,4,6
261,13,0.7333333,5,3
261,14,0.8444445,3,0
261,15,0.8888889,0,0
261,16,0.8888889,0,0
261,17,0.8888889,0,0
261,18,0.8888889,0,0
262,5,0.08888889,2,3
262,6,0.1333333,3,6
262,7,0.2,5,12
262,8,0.3555556,7,9
262,9,0.4888889,6,8
262,10,0.6222222,4,8
262,11,0.6222222,4,8
262,12,0.7333333,6,5
262,13,0.7555556,6,4
262,14,0.8666667,0,0
262,15,0.8888889,0,0
262,16,0.8888889,0,0
262,17,0.8888889,0,0
262,18,0.8888889,0,0
263,5,0.08888889,2,3
263,6,0.08888889,2,3
263,7,0.1333333,3,6
263,8,0.2,5,8
263,9,0.3555556,4,8
263,10,0.4222222,6,10
263,11,0.5333334,6,7
263,12,0.6444445,6,6
263,13,0.7555556,4,3
263,14,0.7777778,4,2
263,15,0.8666667,0,0
263,16,0.8888889,0,0
263,17,0.8888889,0,0
263,18,0.8888889,0,0
264,5,0.08888889,2,3
264,6,0.1333333,3,6
264,7,0.1555556,4,7
264,8,0.2888889,6,9
264,9,0.4222222,8,8
264,10,0.5777778,9,8
264,11,0.6888889,11,2
264,12,0.8222222,2,0
264,13,0.8444445,0,0
264,14,0.8666667,0,0
264,15,0.8888889,0,0
264,16,0.8888889,0,0
264,17,0.8888889,0,0
264,18,0.8888889,0,0
265,5,0.08888889,2,3
265,6,0.1111111,3,4
265,7,0.1555556,3,6
265,8,0.2444444,3,8
265,9,0.3777778,6,10
265,10,0.5555556,9,8
265,11,0.6666667,8,5
265,12,0.8222222,3,0
265,13,0.8888889,0,0
265,14,0.8888889,0,0
265,15,0.8888889,0,0
265,16,0.8888889,0,0
265,17,0.8888889,0,0
265,18,0.8888889,0,0
266,5,0.08888889,2,3
266,6,0.1333333,3,6
266,7,0.2,5,5
266,8,0.2888889,6,6
266,9,0.3777778,6,9
266,10,0.5111111,6,7
266,11,0.6888889,7,5
266,12,0.7333333,4,5
266,13,0.8222222,3,0
266,14,0.8444445,0,0
266,15,0.8444445,0,0
266,16,0.8666667,0,0
266,17,0.8666667,0,0
266,18,0.8888889,0,0
267,5,0.08888889,2,3
267,6,0.1111111,2,5
267,7,0.1333333,3,5
267,8,0.2222222,4,8
267,9,0.3111111,4,9
267,10,0.4,5,8
267,11,0.4888889,6,10
267,12,0.6444445,9,8
267,13,0.8,7,0
267,14,0.8888889,0,0
267,15,0.8888889,0,0
267,16,0.8888889,0,0
267,17,0.8888889,0,0
267,18,0.8888889,0,0
268,5,0.08888889,2,3
268,6,0.1333333,3,5
268,7,0.1777778,4,4
268,8,0.2222222,4,4
268,9,0.3111111,3,10
268,10,0.4222222,6,13
268,11,0.6444445,7,6
268,12,0.7333333,8,4
268,13,0.8222222,3,0
268,14,0.8666667,0,0
268,15,0.8666667,0,0
268,16,0.8666667,0,0
268,17,0.8666667,0,0
268,18,0.8666667,0,0
269,5,0.08888889,2,3
269,6,0.1555556,3,6
269,7,0.1777778,4,7
269,8,0.2888889,4,9
269,9,0.4,7,10
269,10,0.5333334,7,8
269,11,0.6666667,7,7
269,12,0.8,5,1
269,13,0.8222222,1,0
269,14,0.8666667,1,0
269,15,0.8888889,0,0
269,16,0.8888889,0,0
269,17,0.8888889,0,0
269,18,0.8888889,0,0
270,5,0.08888889,2,3
270,6,0.1111111,3,4
270,7,0.1333333,4,9
270,8,0.2888889,9,13
270,9,0.5111111,11,9
270,10,0.6666667,8,5
270,11,0.7777778,3,2
270,12,0.8666667,2,0
270,13,0.8888889,0,0
270,14,0.8888889,0,0
270,15,0.8888889,0,0
270,16,0.8888889,0,0
270,17,0.8888889,0,0
270,18,0.8888889,0,0
271,5,0.08888889,2,3
271,6,0.1111111,2,5
271,7,0.1333333,3,5
271,8,0.1777778,4,4
271,9,0.2444444,3,5
271,10,0.3111111,4,8
271,11,0.3777778,6,9
271,12,0.5333334,6,8
271,13,0.6222222,7,6
271,14,0.7333333,5,2
271,15,0.8222222,2,0
271,16,0.8444445,0,0
271,17,0.8888889,0,0
271,18,0.8888889,0,0
272,5,0.08888889,2,3
272,6,0.1111111,3,5
272,7,0.2,3,7
272,8,0.3111111,4,9
272,9,0.4222222,8,7
272,10,0.5111111,4,8
272,11,0.6,5,8
272,12,0.7111111,4,5
272,13,0.8222222,4,0
272,14,0.8666667,0,0
272,15,0.8888889,0,0
272,16,0.8888889,0,0
272,17,0.8888889,0,0
272,18,0.8888889,0,0
273,5,0.08888889,2,3
273,6,0.1111111,3,5
273,7,0.1777778,4,4
273,8,0.2222222,2,4
273,9,0.2888889,4,5
273,10,0.2888889,4,5
273,11,0.3555556,4,9
273,12,0.4888889,6,6
273,13,0.6,4,6
273,14,0.7111111,3,5
273,15,0.8222222,4,0
273,16,0.8888889,0,0
273,17,0.8888889,0,0
273,18,0.8888889,0,0
274,5,0.08888889,2,3
274,6,0.08888889,2,3
274,7,0.1333333,3,6
274,8,0.2222222,5,8
274,9,0.3555556,5,9
274,10,0.4666667,6,8
274,11,0.6222222,4,7
274,12,0.6666667,4,6
274,13,0.7555556,5,3
274,14,0.7777778,5,3
274,15,0.8666667,0,0
274,16,0.8666667,0,0
274,17,0.8888889,0,0
274,18,0.8888889,0,0
275,5,0.08888889,2,3
275,6,0.1111111,3,5
275,7,0.1777778,4,7
275,8,0.2222222,3,7
275,9,0.2888889,4,12
275,10,0.4444444,7,10
275,11,0.5333334,7,10
275,12,0.7333333,8,3
275,13,0.8444445,3,0
275,14,0.8888889,0,0
275,15,0.8888889,0,0
275,16,0.8888889,0,0
275,17,0.8888889,0,0
275,18,0.8888889,0,0
276,5,0.08888889,2,3
276,6,0.1111111,3,4
276,7,0.2,4,10
276,8,0.2888889,5,8
276,9,0.3777778,5,10
276,10,0.5555556,3,9
276,11,0.6666667,6,6
276,12,0.8,2,3
276,13,0.8666667,2,0
276,14,0.8888889,0,0
276,15,0.8888889,0,0
276,16,0.8888889,0,0
276,17,0.8888889,0,0
276,18,0.8888889,0,0
277,5,0.08888889,2,3
277,6,0.1111111,2,5
277,7,0.1555556,3,6
277,8,0.2222222,5,5
277,9,0.3111111,5,6
277,10,0.3777778,6,9
277,11,0.5555556,4,7
277,12,0.7111111,6,3
277,13,0.8222222,2,0
277,14,0.8666667,0,0
277,15,0.8888889,0,0
277,16,0.8888889,0,0
277,17,0.8888889,0,0
277,18,0.8888889,0,0
278,5,0.08888889,2,3
278,6,0.1111111,3,5
278,7,0.1555556,3,6
278,8,0.2222222,5,5
278,9,0.2888889,3,9
278,10,0.4222222,5,8
278,11,0.5555556,6,7
278,12,0.6888889,5,6
278,13,0.7777778,5,4
278,14,0.8666667,0,0
278,15,0.8888889,0,0
278,16,0.8888889,0,0
278,17,0.8888889,0,0
278,18,0.8888889,0,0
279,5,0.08888889,2,3
279,6,0.1111111,3,4
279,7,0.1555556,3,6
279,8,0.2222222,5,8
279,9,0.2888889,6,9
279,10,0.4888889,7,9
279,11,0.5777778,7,9
279,12,0.6888889,9,4
279,13,0.8222222,4,2
279,14,0.8888889,0,0
279,15,0.8888889,0,0
279,16,0.8888889,0,0
279,17,0.8888889,0,0
279,18,0.8888889,0,0
280,5,0.08888889,2,3
280,6,0.1333333,3,5
280,7,0.2,2,4
280,8,0.2,2,4
280,9,0.2666667,4,4
280,10,0.3333333,4,7
280,11,0.4666667,5,7
280,12,0.6,5,8
280,13,0.7333333,6,5
280,14,0.8666667,0,0
280,15,0.8888889,0,0
280,16,0.8888889,0,0
280,17,0.8888889,0,0
280,18,0.8888889,0,0
281,5,0.08888889,2,3
281,6,0.1333333,3,6
281,7,0.1777778,4,11
281,8,0.3555556,5,8
281,9,0.4666667,5,7
281,10,0.6222222,7,7
281,11,0.6888889,6,5
281,12,0.7555556,6,4
281,13,0.8222222,3,0
281,14,0.8222222,3,0
281,15,0.8444445,2,0
281,16,0.8888889,0,0
281,17,0.8888889,0,0
281,18,0.8888889,0,0
282,5,0.08888889,2,3
282,6,0.1333333,3,6
282,7,0.2,6,8
282,8,0.2888889,5,10
282,9,0.3555556,7,9
282,10,0.4,8,9
282,11,0.5333334,7,9
282,12,0.6888889,6,5
282,13,0.8,6,2
282,14,0.8666667,0,0
282,15,0.8666667,0,0
282,16,0.8666667,0,0
282,17,0.8888889,0,0
282,18,0.8888889,0,0
283,5,0.08888889,2,3
283,6,0.1333333,3,6
283,7,0.1555556,4,6
283,8,0.2,6,10
283,9,0.3333333,5,9
283,10,0.4222222,8,10
283,11,0.6222222,9,6
283,12,0.7555556,5,4
283,13,0.8222222,3,2
283,14,0.8444445,2,0
283,15,0.8888889,0,0
283,16,0.8888889,0,0
283,17,0.8888889,0,0
283,18,0.8888889,0,0
284,5,0.08888889,2,3
284,6,0.1111111,2,5
284,7,0.1777778,5,7
284,8,0.2666667,4,10
284,9,0.4222222,7,9
284,10,0.5333334,8,7
284,11,0.6666667,7,6
284,12,0.7333333,8,3
284,13,0.8222222,2,0
284,14,0.8888889,0,0
284,15,0.8888889,0,0
284,16,0.8888889,0,0
284,17,0.8888889,0,0
284,18,0.8888889,0,0
285,5,0.08888889,2,3
285,6,0.1333333,3,5
285,7,0.2222222,4,5
285,8,0.3111111,4,9
285,9,0.4888889,4,7
285,10,0.4888889,4,7
285,11,0.5777778,5,6
285,12,0.6666667,5,5
285,13,0.7555556,5,4
285,14,0.8222222,3,2
285,15,0.8666667,0,0
285,16,0.8666667,0,0
285,17,0.8666667,0,0
285,18,0.8888889,0,0
286,5,0.08888889,2,3
286,6,0.1333333,3,6
286,7,0.2,5,9
286,8,0.3111111,5,8
286,9,0.4,6,9
286,10,0.5555556,6,7
286,11,0.6666667,8,4
286,12,0.8,5,1
286,13,0.8222222,3,0
286,14,0.8444445,2,0
286,15,0.8666667,0,0
286,16,0.8666667,0,0
286,17,0.8666667,0,0
286,18,0.8888889,0,0
287,5,0.08888889,2,3
287,6,0.1333333,3,6
287,7,0.2,5,10
287,8,0.2888889,5,10
287,9,0.3555556,7,11
287,10,0.4666667,6,11
287,11,0.6888889,8,4
287,12,0.8,7,1
287,13,0.8222222,5,1
287,14,0.8444445,4,1
287,15,0.8666667,0,0
287,16,0.8666667,0,0
287,17,0.8888889,0,0
287,18,0.8888889,0,0
288,5,0.08888889,2,3
288,6,0.1111111,3,5
288,7,0.1777778,4,4
288,8,0.2666667,3,5
288,9,0.2666667,3,5
288,10,0.3555556,4,7
288,11,0.4888889,5,8
288,12,0.6,3,7
288,13,0.6666667,3,7
288,14,0.7555556,4,3
288,15,0.8444445,2,2
288,16,0.8888889,0,0
288,17,0.8888889,0,0
288,18,0.8888889,0,0
289,5,0.08888889,2,3
289,6,0.1111111,3,4
289,7,0.1555556,4,7
289,8,0.2444444,5,7
289,9,0.3555556,6,7
289,10,0.4888889,6,8
289,11,0.6222222,3,8
289,12,0.6666667,5,7
289,13,0.8,4,2
289,14,0.8666667,0,0
289,15,0.8666667,0,0
289,16,0.8888889,0,0
289,17,0.8888889,0,0
289,18,0.8888889,0,0
290,5,0.08888889,2,3
290,6,0.1333333,3,5
290,7,0.2222222,3,4
290,8,0.2222222,3,4
290,9,0.2666667,3,8
290,10,0.3555556,6,11
290,11,0.5111111,8,8
290,12,0.6666667,5,4
290,13,0.7333333,5,4
290,14,0.7777778,4,2
290,15,0.8222222,3,0
290,16,0.8444445,1,0
290,17,0.8888889,0,0
290,18,0.8888889,0,0
291,5,0.08888889,2,3
291,6,0.1111111,2,5
291,7,0.1555556,4,5
291,8,0.1777778,4,6
291,9,0.2888889,5,9
291,10,0.4222222,5,9
291,11,0.5777778,5,8
291,12,0.7111111,5,4
291,13,0.8222222,3,0
291,14,0.8888889,0,0
291,15,0.8888889,0,0
291,16,0.8888889,0,0
291,17,0.8888889,0,0
291,18,0.8888889,0,0
292,5,0.08888889,2,3
292,6,0.1333333,3,5
292,7,0.2222222,2,5
292,8,0.2888889,4,9
292,9,0.3777778,6,10
292,10,0.5333334,4,7
292,11,0.5555556,3,7
292,12,0.6444445,6,8
292,13,0.7555556,6,5
292,14,0.8222222,4,0
292,15,0.8888889,0,0
292,16,0.8888889,0,0
292,17,0.8888889,0,0
292,18,0.8888889,0,0
293,5,0.08888889,2,3
293,6,0.1111111,3,4
293,7,0.1555556,4,7
293,8,0.2666667,6,6
293,9,0.3777778,5,9
293,10,0.4666667,6,10
293,11,0.4888889,5,10
293,12,0.6222222,6,5
293,13,0.7777778,4,2
293,14,0.8222222,3,0
293,15,0.8666667,0,0
293,16,0.8888889,0,0
293,17,0.8888889,0,0
293,18,0.8888889,0,0
294,5,0.08888889,2,3
294,6,0.1111111,3,4
294,7,0.1555556,4,8
294,8,0.2666667,6,12
294,9,0.4,7,13
294,10,0.5111111,8,10
294,11,0.6666667,6,6
294,12,0.8,4,0
294,13,0.8888889,0,0
294,14,0.8888889,0,0
294,15,0.8888889,0,0
294,16,0.8888889,0,0
294,17,0.8888889,0,0
294,18,0.8888889,0,0
295,5,0.08888889,2,3
295,6,0.1333333,3,5
295,7,0.1555556,4,6
295,8,0.2,3,7
295,9,0.2666667,3,8
295,10,0.3555556,6,8
295,11,0.4888889,6,6
295,12,0.6222222,7,6
295,13,0.6888889,7,5
295,14,0.7777778,5,2
295,15,0.8444445,1,0
295,16,0.8666667,0,0
295,17,0.8888889,0,0
295,18,0.8888889,0,0
296,5,0.08888889,2,3
296,6,0.1111111,3,4
296,7,0.1333333,4,5
296,8,0.1555556,4,7
296,9,0.2666667,5,8
296,10,0.3333333,5,11
296,11,0.5111111,7,11
296,12,0.6,8,7
296,13,0.7777778,5,0
296,14,0.8444445,1,0
296,15,0.8666667,0,0
296,16,0.8666667,0,0
296,17,0.8888889,0,0
296,18,0.8888889,0,0
297,5,0.08888889,2,3
297,6,0.08888889,2,3
297,7,0.1333333,3,6
297,8,0.2222222,4,8
297,9,0.3111111,6,9
297,10,0.4444444,8,9
297,11,0.6222222,9,6
297,12,0.7333333,6,4
297,13,0.8,4,0
297,14,0.8666667,0,0
297,15,0.8666667,0,0
297,16,0.8666667,0,0
297,17,0.8888889,0,0
297,18,0.8888889,0,0
298,5,0.08888889,2,3
298,6,0.1555556,3,6
298,7,0.2222222,5,5
298,8,0.2888889,4,8
298,9,0.4666667,6,9
298,10,0.5555556,8,8
298,11,0.6666667,7,6
298,12,0.7777778,6,0
298,13,0.8888889,0,0
298,14,0.8888889,0,0
298,15,0.8888889,0,0
298,16,0.8888889,0,0
298,17,0.8888889,0,0
298,18,0.8888889,0,0
299,5,0.08888889,2,3
299,6,0.1555556,3,6
299,7,0.2222222,4,11
299,8,0.3777778,7,11
299,9,0.4888889,8,9
299,10,0.6222222,7,7
299,11,0.7555556,6,3
299,12,0.8,5,2
299,13,0.8222222,3,2
299,14,0.8666667,0,0
299,15,0.8888889,0,0
299,16,0.8888889,0,0
299,17,0.8888889,0,0
299,18,0.8888889,0,0
