simulation, day, sickPercentage, border_red_cnt, border_green_cnt, total_nodecnt=45,Psick= 0.5,Edgecnt= 60
0,6,0.1555556,3,6
0,7,0.2666667,5,8
0,8,0.3555556,6,10
0,9,0.4888889,6,9
0,10,0.6222222,6,5
0,11,0.7777778,4,2
0,12,0.8,4,2
0,13,0.8444445,3,0
0,14,0.8666667,1,0
0,15,0.8666667,1,0
0,16,0.8888889,0,0
0,17,0.8888889,0,0
0,18,0.8888889,0,0
1,6,0.1555556,3,6
1,7,0.2222222,2,4
1,8,0.2444444,3,5
1,9,0.3111111,5,9
1,10,0.4222222,6,10
1,11,0.4888889,5,8
1,12,0.6222222,6,6
1,13,0.7333333,5,5
1,14,0.8,3,2
1,15,0.8666667,0,0
1,16,0.8888889,0,0
1,17,0.8888889,0,0
1,18,0.8888889,0,0
2,6,0.1555556,3,6
2,7,0.2444444,5,7
2,8,0.4222222,7,10
2,9,0.5333334,6,8
2,10,0.6222222,8,6
2,11,0.6444445,6,6
2,12,0.7555556,5,2
2,13,0.8222222,4,0
2,14,0.8666667,2,0
2,15,0.8888889,0,0
2,16,0.8888889,0,0
2,17,0.8888889,0,0
2,18,0.8888889,0,0
3,6,0.1555556,3,6
3,7,0.2666667,4,6
3,8,0.3555556,4,9
3,9,0.4666667,6,8
3,10,0.6,6,6
3,11,0.6888889,4,6
3,12,0.7555556,5,2
3,13,0.8444445,2,0
3,14,0.8888889,0,0
3,15,0.8888889,0,0
3,16,0.8888889,0,0
3,17,0.8888889,0,0
3,18,0.8888889,0,0
4,6,0.1555556,3,6
4,7,0.2222222,4,5
4,8,0.3111111,4,8
4,9,0.4444444,7,8
4,10,0.5555556,7,8
4,11,0.6444445,7,7
4,12,0.7333333,6,4
4,13,0.7777778,6,0
4,14,0.8666667,0,0
4,15,0.8888889,0,0
4,16,0.8888889,0,0
4,17,0.8888889,0,0
4,18,0.8888889,0,0
5,6,0.1555556,3,6
5,7,0.2222222,5,10
5,8,0.3555556,7,8
5,9,0.4666667,6,8
5,10,0.5333334,5,8
5,11,0.6222222,5,7
5,12,0.7111111,6,5
5,13,0.7555556,5,2
5,14,0.8666667,2,0
5,15,0.8666667,2,0
5,16,0.8888889,0,0
5,17,0.8888889,0,0
5,18,0.8888889,0,0
6,6,0.1555556,3,6
6,7,0.2888889,4,8
6,8,0.3777778,5,10
6,9,0.4888889,8,9
6,10,0.6666667,6,6
6,11,0.8,3,3
6,12,0.8222222,3,0
6,13,0.8888889,0,0
6,14,0.8888889,0,0
6,15,0.8888889,0,0
6,16,0.8888889,0,0
6,17,0.8888889,0,0
6,18,0.8888889,0,0
7,6,0.1555556,3,6
7,7,0.2666667,5,8
7,8,0.3555556,4,9
7,9,0.5111111,7,8
7,10,0.6222222,8,6
7,11,0.6888889,5,5
7,12,0.7555556,5,3
7,13,0.8,4,2
7,14,0.8666667,1,0
7,15,0.8666667,1,0
7,16,0.8666667,1,0
7,17,0.8888889,0,0
7,18,0.8888889,0,0
8,6,0.1555556,3,6
8,7,0.2666667,5,8
8,8,0.3777778,4,10
8,9,0.5555556,7,9
8,10,0.7111111,8,2
8,11,0.8222222,1,0
8,12,0.8888889,0,0
8,13,0.8888889,0,0
8,14,0.8888889,0,0
8,15,0.8888889,0,0
8,16,0.8888889,0,0
8,17,0.8888889,0,0
8,18,0.8888889,0,0
9,6,0.1555556,3,6
9,7,0.2,5,10
9,8,0.3333333,7,8
9,9,0.4666667,7,9
9,10,0.5777778,7,9
9,11,0.6666667,9,6
9,12,0.7777778,5,3
9,13,0.8666667,0,0
9,14,0.8888889,0,0
9,15,0.8888889,0,0
9,16,0.8888889,0,0
9,17,0.8888889,0,0
9,18,0.8888889,0,0
10,6,0.1555556,3,6
10,7,0.2666667,5,8
10,8,0.4444444,5,6
10,9,0.5333334,4,7
10,10,0.6222222,5,8
10,11,0.7111111,5,4
10,12,0.7777778,3,4
10,13,0.8444445,2,0
10,14,0.8888889,0,0
10,15,0.8888889,0,0
10,16,0.8888889,0,0
10,17,0.8888889,0,0
10,18,0.8888889,0,0
11,6,0.1555556,3,6
11,7,0.2222222,5,10
11,8,0.3555556,6,9
11,9,0.4888889,6,7
11,10,0.5777778,6,6
11,11,0.6666667,5,6
11,12,0.7555556,6,3
11,13,0.8444445,2,2
11,14,0.8888889,0,0
11,15,0.8888889,0,0
11,16,0.8888889,0,0
11,17,0.8888889,0,0
11,18,0.8888889,0,0
12,6,0.1555556,3,6
12,7,0.2444444,4,10
12,8,0.4,7,8
12,9,0.5111111,8,8
12,10,0.5777778,7,8
12,11,0.6666667,8,6
12,12,0.8222222,5,0
12,13,0.8666667,2,0
12,14,0.8888889,0,0
12,15,0.8888889,0,0
12,16,0.8888889,0,0
12,17,0.8888889,0,0
12,18,0.8888889,0,0
13,6,0.1555556,3,6
13,7,0.2666667,4,9
13,8,0.4444444,6,6
13,9,0.5555556,4,6
13,10,0.6666667,5,7
13,11,0.8222222,2,0
13,12,0.8222222,2,0
13,13,0.8222222,2,0
13,14,0.8666667,0,0
13,15,0.8888889,0,0
13,16,0.8888889,0,0
13,17,0.8888889,0,0
13,18,0.8888889,0,0
14,6,0.1555556,3,6
14,7,0.2444444,3,5
14,8,0.2888889,4,9
14,9,0.3777778,5,8
14,10,0.4222222,6,9
14,11,0.5777778,8,9
14,12,0.6222222,8,8
14,13,0.8,5,0
14,14,0.8444445,2,0
14,15,0.8888889,0,0
14,16,0.8888889,0,0
14,17,0.8888889,0,0
14,18,0.8888889,0,0
15,6,0.1555556,3,6
15,7,0.2,5,10
15,8,0.3777778,7,11
15,9,0.5333334,4,9
15,10,0.7111111,7,6
15,11,0.8444445,2,0
15,12,0.8666667,0,0
15,13,0.8888889,0,0
15,14,0.8888889,0,0
15,15,0.8888889,0,0
15,16,0.8888889,0,0
15,17,0.8888889,0,0
15,18,0.8888889,0,0
16,6,0.1555556,3,6
16,7,0.2222222,4,11
16,8,0.3555556,6,10
16,9,0.4888889,7,8
16,10,0.6222222,5,7
16,11,0.7555556,5,4
16,12,0.8222222,4,0
16,13,0.8444445,1,0
16,14,0.8888889,0,0
16,15,0.8888889,0,0
16,16,0.8888889,0,0
16,17,0.8888889,0,0
16,18,0.8888889,0,0
17,6,0.1555556,3,6
17,7,0.2444444,5,9
17,8,0.3777778,5,9
17,9,0.4888889,6,7
17,10,0.6222222,6,7
17,11,0.6666667,7,6
17,12,0.7333333,4,3
17,13,0.8222222,2,2
17,14,0.8666667,2,0
17,15,0.8666667,2,0
17,16,0.8888889,0,0
17,17,0.8888889,0,0
17,18,0.8888889,0,0
18,6,0.1555556,3,6
18,7,0.2888889,4,8
18,8,0.4444444,6,7
18,9,0.5333334,3,9
18,10,0.6666667,5,7
18,11,0.7333333,7,5
18,12,0.8222222,5,1
18,13,0.8666667,0,0
18,14,0.8666667,0,0
18,15,0.8666667,0,0
18,16,0.8666667,0,0
18,17,0.8666667,0,0
18,18,0.8888889,0,0
19,6,0.1555556,3,6
19,7,0.2444444,3,5
19,8,0.3111111,4,9
19,9,0.3555556,5,9
19,10,0.4666667,5,6
19,11,0.5333334,5,7
19,12,0.6666667,6,6
19,13,0.7777778,4,2
19,14,0.8666667,2,0
19,15,0.8888889,0,0
19,16,0.8888889,0,0
19,17,0.8888889,0,0
19,18,0.8888889,0,0
20,6,0.1555556,3,6
20,7,0.2444444,3,6
20,8,0.3555556,6,8
20,9,0.4888889,3,6
20,10,0.6,4,7
20,11,0.6444445,5,6
20,12,0.7333333,4,4
20,13,0.8444445,3,0
20,14,0.8888889,0,0
20,15,0.8888889,0,0
20,16,0.8888889,0,0
20,17,0.8888889,0,0
20,18,0.8888889,0,0
21,6,0.1555556,3,6
21,7,0.2444444,5,9
21,8,0.3333333,5,8
21,9,0.4444444,6,7
21,10,0.5555556,5,6
21,11,0.7111111,6,4
21,12,0.7777778,4,2
21,13,0.8444445,0,0
21,14,0.8444445,0,0
21,15,0.8666667,0,0
21,16,0.8888889,0,0
21,17,0.8888889,0,0
21,18,0.8888889,0,0
22,6,0.1555556,3,6
22,7,0.2222222,5,8
22,8,0.3777778,5,11
22,9,0.5555556,7,7
22,10,0.6888889,6,3
22,11,0.8444445,3,0
22,12,0.8888889,0,0
22,13,0.8888889,0,0
22,14,0.8888889,0,0
22,15,0.8888889,0,0
22,16,0.8888889,0,0
22,17,0.8888889,0,0
22,18,0.8888889,0,0
23,6,0.1555556,3,6
23,7,0.2444444,5,9
23,8,0.3777778,5,11
23,9,0.5333334,3,9
23,10,0.6,5,7
23,11,0.7555556,6,4
23,12,0.8222222,4,0
23,13,0.8888889,0,0
23,14,0.8888889,0,0
23,15,0.8888889,0,0
23,16,0.8888889,0,0
23,17,0.8888889,0,0
23,18,0.8888889,0,0
24,6,0.1555556,3,6
24,7,0.2222222,4,5
24,8,0.3111111,4,8
24,9,0.4,6,7
24,10,0.5111111,5,8
24,11,0.6666667,6,4
24,12,0.8222222,4,0
24,13,0.8888889,0,0
24,14,0.8888889,0,0
24,15,0.8888889,0,0
24,16,0.8888889,0,0
24,17,0.8888889,0,0
24,18,0.8888889,0,0
25,6,0.1555556,3,6
25,7,0.2666667,4,6
25,8,0.3333333,4,9
25,9,0.5111111,8,9
25,10,0.6444445,8,7
25,11,0.8,4,0
25,12,0.8444445,0,0
25,13,0.8666667,0,0
25,14,0.8888889,0,0
25,15,0.8888889,0,0
25,16,0.8888889,0,0
25,17,0.8888889,0,0
25,18,0.8888889,0,0
26,6,0.1555556,3,6
26,7,0.2444444,3,5
26,8,0.3111111,4,9
26,9,0.4222222,7,10
26,10,0.5777778,9,5
26,11,0.7111111,7,4
26,12,0.8,5,3
26,13,0.8444445,2,0
26,14,0.8666667,0,0
26,15,0.8666667,0,0
26,16,0.8666667,0,0
26,17,0.8666667,0,0
26,18,0.8666667,0,0
27,6,0.1555556,3,6
27,7,0.2,4,5
27,8,0.2666667,4,6
27,9,0.3111111,5,9
27,10,0.3777778,5,8
27,11,0.4666667,5,9
27,12,0.5777778,7,6
27,13,0.6444445,8,5
27,14,0.7111111,5,5
27,15,0.8222222,4,1
27,16,0.8666667,0,0
27,17,0.8888889,0,0
27,18,0.8888889,0,0
28,6,0.1555556,3,6
28,7,0.2666667,5,8
28,8,0.4,7,7
28,9,0.5333334,3,6
28,10,0.6222222,5,7
28,11,0.7333333,5,3
28,12,0.8,5,2
28,13,0.8444445,2,0
28,14,0.8666667,0,0
28,15,0.8666667,0,0
28,16,0.8888889,0,0
28,17,0.8888889,0,0
28,18,0.8888889,0,0
29,6,0.1555556,3,6
29,7,0.2444444,5,9
29,8,0.3555556,6,9
29,9,0.4666667,7,8
29,10,0.5555556,5,7
29,11,0.6444445,5,8
29,12,0.7777778,4,3
29,13,0.8444445,3,0
29,14,0.8666667,0,0
29,15,0.8666667,0,0
29,16,0.8888889,0,0
29,17,0.8888889,0,0
29,18,0.8888889,0,0
30,6,0.1555556,3,6
30,7,0.2666667,4,9
30,8,0.3555556,7,7
30,9,0.4444444,6,9
30,10,0.6,9,9
30,11,0.7555556,5,4
30,12,0.8,4,0
30,13,0.8888889,0,0
30,14,0.8888889,0,0
30,15,0.8888889,0,0
30,16,0.8888889,0,0
30,17,0.8888889,0,0
30,18,0.8888889,0,0
31,6,0.1555556,3,6
31,7,0.2444444,3,5
31,8,0.2888889,4,5
31,9,0.3555556,4,9
31,10,0.5111111,7,7
31,11,0.6222222,7,7
31,12,0.7111111,7,5
31,13,0.8222222,4,0
31,14,0.8666667,2,0
31,15,0.8888889,0,0
31,16,0.8888889,0,0
31,17,0.8888889,0,0
31,18,0.8888889,0,0
32,6,0.1555556,3,6
32,7,0.2,3,7
32,8,0.2666667,5,8
32,9,0.3555556,5,9
32,10,0.5111111,5,7
32,11,0.6,7,7
32,12,0.7111111,6,5
32,13,0.7777778,3,3
32,14,0.8444445,2,0
32,15,0.8444445,2,0
32,16,0.8666667,1,0
32,17,0.8666667,1,0
32,18,0.8666667,1,0
33,6,0.1555556,3,6
33,7,0.2,4,5
33,8,0.3111111,5,9
33,9,0.3555556,5,8
33,10,0.4666667,5,7
33,11,0.5777778,8,7
33,12,0.7111111,5,5
33,13,0.8,4,2
33,14,0.8888889,0,0
33,15,0.8888889,0,0
33,16,0.8888889,0,0
33,17,0.8888889,0,0
33,18,0.8888889,0,0
34,6,0.1555556,3,6
34,7,0.1777778,4,6
34,8,0.2666667,5,8
34,9,0.4,6,11
34,10,0.5333334,5,7
34,11,0.6666667,7,8
34,12,0.8222222,4,0
34,13,0.8888889,0,0
34,14,0.8888889,0,0
34,15,0.8888889,0,0
34,16,0.8888889,0,0
34,17,0.8888889,0,0
34,18,0.8888889,0,0
35,6,0.1555556,3,6
35,7,0.2222222,4,11
35,8,0.3555556,7,8
35,9,0.5111111,5,6
35,10,0.5777778,5,7
35,11,0.7111111,5,5
35,12,0.8222222,3,0
35,13,0.8888889,0,0
35,14,0.8888889,0,0
35,15,0.8888889,0,0
35,16,0.8888889,0,0
35,17,0.8888889,0,0
35,18,0.8888889,0,0
36,6,0.1555556,3,6
36,7,0.2444444,3,10
36,8,0.4,6,10
36,9,0.5333334,9,12
36,10,0.6888889,10,5
36,11,0.7555556,6,5
36,12,0.8,3,4
36,13,0.8666667,2,0
36,14,0.8666667,2,0
36,15,0.8666667,2,0
36,16,0.8888889,0,0
36,17,0.8888889,0,0
36,18,0.8888889,0,0
37,6,0.1555556,3,6
37,7,0.2666667,5,8
37,8,0.3777778,6,8
37,9,0.4,5,9
37,10,0.5333334,6,9
37,11,0.6444445,6,7
37,12,0.7333333,5,4
37,13,0.8444445,0,0
37,14,0.8666667,0,0
37,15,0.8666667,0,0
37,16,0.8888889,0,0
37,17,0.8888889,0,0
37,18,0.8888889,0,0
38,6,0.1555556,3,6
38,7,0.2444444,3,5
38,8,0.3111111,4,9
38,9,0.3777778,6,9
38,10,0.5111111,5,8
38,11,0.6666667,8,5
38,12,0.8222222,3,0
38,13,0.8666667,0,0
38,14,0.8666667,0,0
38,15,0.8666667,0,0
38,16,0.8888889,0,0
38,17,0.8888889,0,0
38,18,0.8888889,0,0
39,6,0.1555556,3,6
39,7,0.2444444,4,10
39,8,0.3777778,8,5
39,9,0.4888889,2,6
39,10,0.5333334,2,7
39,11,0.5777778,3,7
39,12,0.6444445,4,7
39,13,0.8,5,0
39,14,0.8666667,0,0
39,15,0.8666667,0,0
39,16,0.8888889,0,0
39,17,0.8888889,0,0
39,18,0.8888889,0,0
40,6,0.1555556,3,6
40,7,0.2444444,3,5
40,8,0.2888889,4,9
40,9,0.3555556,6,9
40,10,0.5111111,5,9
40,11,0.5777778,6,8
40,12,0.6888889,6,5
40,13,0.8222222,2,0
40,14,0.8888889,0,0
40,15,0.8888889,0,0
40,16,0.8888889,0,0
40,17,0.8888889,0,0
40,18,0.8888889,0,0
41,6,0.1555556,3,6
41,7,0.2666667,5,8
41,8,0.4888889,7,7
41,9,0.6,4,7
41,10,0.6888889,5,6
41,11,0.8222222,5,0
41,12,0.8666667,0,0
41,13,0.8666667,0,0
41,14,0.8666667,0,0
41,15,0.8666667,0,0
41,16,0.8888889,0,0
41,17,0.8888889,0,0
41,18,0.8888889,0,0
42,6,0.1555556,3,6
42,7,0.2222222,5,8
42,8,0.3111111,5,10
42,9,0.4,6,10
42,10,0.5555556,8,9
42,11,0.6666667,5,6
42,12,0.7555556,6,2
42,13,0.8444445,1,0
42,14,0.8666667,0,0
42,15,0.8666667,0,0
42,16,0.8888889,0,0
42,17,0.8888889,0,0
42,18,0.8888889,0,0
43,6,0.1555556,3,6
43,7,0.2222222,4,8
43,8,0.3111111,5,9
43,9,0.4666667,7,10
43,10,0.6222222,4,7
43,11,0.7333333,5,5
43,12,0.8444445,3,0
43,13,0.8666667,1,0
43,14,0.8666667,1,0
43,15,0.8888889,0,0
43,16,0.8888889,0,0
43,17,0.8888889,0,0
43,18,0.8888889,0,0
44,6,0.1555556,3,6
44,7,0.2444444,5,6
44,8,0.3333333,6,8
44,9,0.4444444,8,7
44,10,0.6,6,9
44,11,0.7111111,6,6
44,12,0.8222222,3,0
44,13,0.8666667,2,0
44,14,0.8888889,0,0
44,15,0.8888889,0,0
44,16,0.8888889,0,0
44,17,0.8888889,0,0
44,18,0.8888889,0,0
45,6,0.1555556,3,6
45,7,0.2222222,4,5
45,8,0.2666667,5,8
45,9,0.4444444,6,8
45,10,0.5333334,6,8
45,11,0.6444445,5,5
45,12,0.7777778,4,2
45,13,0.8666667,2,0
45,14,0.8666667,2,0
45,15,0.8666667,2,0
45,16,0.8888889,0,0
45,17,0.8888889,0,0
45,18,0.8888889,0,0
46,6,0.1555556,3,6
46,7,0.2444444,3,10
46,8,0.3333333,5,11
46,9,0.5111111,7,11
46,10,0.6888889,7,5
46,11,0.7777778,5,2
46,12,0.8666667,0,0
46,13,0.8888889,0,0
46,14,0.8888889,0,0
46,15,0.8888889,0,0
46,16,0.8888889,0,0
46,17,0.8888889,0,0
46,18,0.8888889,0,0
47,6,0.1555556,3,6
47,7,0.2,4,5
47,8,0.3333333,5,8
47,9,0.4666667,3,6
47,10,0.5777778,5,7
47,11,0.6,5,7
47,12,0.6888889,4,6
47,13,0.7777778,6,0
47,14,0.8222222,3,0
47,15,0.8666667,0,0
47,16,0.8666667,0,0
47,17,0.8666667,0,0
47,18,0.8888889,0,0
48,6,0.1555556,3,6
48,7,0.2222222,4,5
48,8,0.3333333,6,9
48,9,0.4888889,7,7
48,10,0.6222222,6,7
48,11,0.7111111,9,3
48,12,0.8444445,1,0
48,13,0.8888889,0,0
48,14,0.8888889,0,0
48,15,0.8888889,0,0
48,16,0.8888889,0,0
48,17,0.8888889,0,0
48,18,0.8888889,0,0
49,6,0.1555556,3,6
49,7,0.2666667,5,8
49,8,0.4,5,8
49,9,0.5111111,7,9
49,10,0.6222222,5,6
49,11,0.8,4,0
49,12,0.8444445,2,0
49,13,0.8666667,0,0
49,14,0.8888889,0,0
49,15,0.8888889,0,0
49,16,0.8888889,0,0
49,17,0.8888889,0,0
49,18,0.8888889,0,0
50,6,0.1555556,3,6
50,7,0.2666667,4,9
50,8,0.3111111,5,8
50,9,0.4,6,8
50,10,0.5333334,4,7
50,11,0.6666667,6,6
50,12,0.7333333,7,5
50,13,0.8,3,2
50,14,0.8444445,2,0
50,15,0.8666667,0,0
50,16,0.8888889,0,0
50,17,0.8888889,0,0
50,18,0.8888889,0,0
51,6,0.1555556,3,6
51,7,0.2444444,3,5
51,8,0.3111111,3,8
51,9,0.4,5,11
51,10,0.5111111,5,10
51,11,0.6222222,7,5
51,12,0.7555556,3,5
51,13,0.8444445,3,1
51,14,0.8666667,0,0
51,15,0.8666667,0,0
51,16,0.8888889,0,0
51,17,0.8888889,0,0
51,18,0.8888889,0,0
52,6,0.1555556,3,6
52,7,0.2666667,4,9
52,8,0.4222222,7,7
52,9,0.5555556,8,7
52,10,0.7111111,5,5
52,11,0.8,4,2
52,12,0.8666667,2,0
52,13,0.8888889,0,0
52,14,0.8888889,0,0
52,15,0.8888889,0,0
52,16,0.8888889,0,0
52,17,0.8888889,0,0
52,18,0.8888889,0,0
53,6,0.1555556,3,6
53,7,0.2666667,3,7
53,8,0.3555556,4,10
53,9,0.4666667,4,6
53,10,0.5777778,5,7
53,11,0.6666667,6,7
53,12,0.6888889,6,6
53,13,0.7777778,3,3
53,14,0.8444445,0,0
53,15,0.8444445,0,0
53,16,0.8666667,0,0
53,17,0.8666667,0,0
53,18,0.8666667,0,0
54,6,0.1555556,3,6
54,7,0.2222222,5,9
54,8,0.3777778,6,10
54,9,0.4888889,5,11
54,10,0.6666667,7,7
54,11,0.7555556,4,5
54,12,0.8444445,3,0
54,13,0.8888889,0,0
54,14,0.8888889,0,0
54,15,0.8888889,0,0
54,16,0.8888889,0,0
54,17,0.8888889,0,0
54,18,0.8888889,0,0
55,6,0.1555556,3,6
55,7,0.2888889,4,8
55,8,0.4666667,8,7
55,9,0.5333334,8,7
55,10,0.6666667,6,5
55,11,0.7555556,4,4
55,12,0.8666667,0,0
55,13,0.8666667,0,0
55,14,0.8666667,0,0
55,15,0.8888889,0,0
55,16,0.8888889,0,0
55,17,0.8888889,0,0
55,18,0.8888889,0,0
56,6,0.1555556,3,6
56,7,0.1777778,4,11
56,8,0.2666667,8,13
56,9,0.3777778,7,8
56,10,0.5111111,7,7
56,11,0.6444445,6,8
56,12,0.7111111,6,6
56,13,0.8,6,2
56,14,0.8666667,2,0
56,15,0.8888889,0,0
56,16,0.8888889,0,0
56,17,0.8888889,0,0
56,18,0.8888889,0,0
57,6,0.1555556,3,6
57,7,0.2666667,4,9
57,8,0.3777778,6,10
57,9,0.5555556,7,8
57,10,0.7333333,7,4
57,11,0.8444445,1,0
57,12,0.8444445,1,0
57,13,0.8888889,0,0
57,14,0.8888889,0,0
57,15,0.8888889,0,0
57,16,0.8888889,0,0
57,17,0.8888889,0,0
57,18,0.8888889,0,0
58,6,0.1555556,3,6
58,7,0.2444444,5,7
58,8,0.3777778,6,9
58,9,0.4666667,6,7
58,10,0.5777778,3,9
58,11,0.6444445,4,8
58,12,0.7777778,4,2
58,13,0.8666667,2,0
58,14,0.8888889,0,0
58,15,0.8888889,0,0
58,16,0.8888889,0,0
58,17,0.8888889,0,0
58,18,0.8888889,0,0
59,6,0.1555556,3,6
59,7,0.2222222,5,11
59,8,0.3555556,6,8
59,9,0.4222222,5,9
59,10,0.6,7,6
59,11,0.7111111,6,5
59,12,0.8,4,0
59,13,0.8222222,2,0
59,14,0.8888889,0,0
59,15,0.8888889,0,0
59,16,0.8888889,0,0
59,17,0.8888889,0,0
59,18,0.8888889,0,0
60,6,0.1555556,3,6
60,7,0.2222222,4,11
60,8,0.3333333,7,9
60,9,0.4444444,7,9
60,10,0.5555556,9,10
60,11,0.7111111,7,2
60,12,0.8444445,3,0
60,13,0.8666667,0,0
60,14,0.8666667,0,0
60,15,0.8888889,0,0
60,16,0.8888889,0,0
60,17,0.8888889,0,0
60,18,0.8888889,0,0
61,6,0.1555556,3,6
61,7,0.2666667,4,9
61,8,0.4222222,6,6
61,9,0.5555556,6,9
61,10,0.6666667,8,5
61,11,0.8222222,6,0
61,12,0.8888889,0,0
61,13,0.8888889,0,0
61,14,0.8888889,0,0
61,15,0.8888889,0,0
61,16,0.8888889,0,0
61,17,0.8888889,0,0
61,18,0.8888889,0,0
62,6,0.1555556,3,6
62,7,0.2222222,5,6
62,8,0.3333333,4,8
62,9,0.4222222,5,8
62,10,0.5555556,5,7
62,11,0.6888889,6,6
62,12,0.8,5,3
62,13,0.8666667,0,0
62,14,0.8888889,0,0
62,15,0.8888889,0,0
62,16,0.8888889,0,0
62,17,0.8888889,0,0
62,18,0.8888889,0,0
63,6,0.1555556,3,6
63,7,0.2222222,5,5
63,8,0.2666667,3,9
63,9,0.3555556,5,10
63,10,0.5555556,10,9
63,11,0.7333333,5,2
63,12,0.8222222,3,0
63,13,0.8444445,2,0
63,14,0.8888889,0,0
63,15,0.8888889,0,0
63,16,0.8888889,0,0
63,17,0.8888889,0,0
63,18,0.8888889,0,0
64,6,0.1555556,3,6
64,7,0.2222222,5,9
64,8,0.2888889,7,6
64,9,0.3777778,8,10
64,10,0.5111111,8,8
64,11,0.6888889,4,8
64,12,0.8,5,0
64,13,0.8666667,2,0
64,14,0.8666667,2,0
64,15,0.8666667,2,0
64,16,0.8666667,2,0
64,17,0.8888889,0,0
64,18,0.8888889,0,0
65,6,0.1555556,3,6
65,7,0.2222222,4,11
65,8,0.3555556,7,11
65,9,0.5555556,6,10
65,10,0.6888889,8,6
65,11,0.7777778,8,2
65,12,0.8222222,5,1
65,13,0.8666667,0,0
65,14,0.8666667,0,0
65,15,0.8888889,0,0
65,16,0.8888889,0,0
65,17,0.8888889,0,0
65,18,0.8888889,0,0
66,6,0.1555556,3,6
66,7,0.2444444,5,9
66,8,0.3555556,6,8
66,9,0.4888889,6,7
66,10,0.6444445,7,6
66,11,0.7111111,6,5
66,12,0.7555556,5,2
66,13,0.8666667,0,0
66,14,0.8666667,0,0
66,15,0.8666667,0,0
66,16,0.8666667,0,0
66,17,0.8666667,0,0
66,18,0.8888889,0,0
67,6,0.1555556,3,6
67,7,0.2444444,5,6
67,8,0.3333333,6,5
67,9,0.4222222,6,8
67,10,0.5111111,4,7
67,11,0.6222222,6,8
67,12,0.7111111,8,4
67,13,0.7777778,4,2
67,14,0.8444445,2,0
67,15,0.8888889,0,0
67,16,0.8888889,0,0
67,17,0.8888889,0,0
67,18,0.8888889,0,0
68,6,0.1555556,3,6
68,7,0.2222222,4,11
68,8,0.4,8,8
68,9,0.4666667,10,7
68,10,0.6444445,4,6
68,11,0.7333333,6,3
68,12,0.8222222,2,3
68,13,0.8888889,0,0
68,14,0.8888889,0,0
68,15,0.8888889,0,0
68,16,0.8888889,0,0
68,17,0.8888889,0,0
68,18,0.8888889,0,0
69,6,0.1555556,3,6
69,7,0.2,5,12
69,8,0.3333333,8,7
69,9,0.4888889,6,8
69,10,0.6222222,7,5
69,11,0.7333333,4,5
69,12,0.8,4,1
69,13,0.8666667,0,0
69,14,0.8666667,0,0
69,15,0.8666667,0,0
69,16,0.8888889,0,0
69,17,0.8888889,0,0
69,18,0.8888889,0,0
70,6,0.1555556,3,6
70,7,0.2222222,4,5
70,8,0.2666667,3,8
70,9,0.3333333,5,9
70,10,0.4666667,6,7
70,11,0.5555556,7,6
70,12,0.6666667,6,5
70,13,0.7777778,6,3
70,14,0.8666667,0,0
70,15,0.8666667,0,0
70,16,0.8666667,0,0
70,17,0.8888889,0,0
70,18,0.8888889,0,0
71,6,0.1555556,3,6
71,7,0.2222222,4,8
71,8,0.3111111,6,5
71,9,0.4444444,5,10
71,10,0.6,7,7
71,11,0.7111111,5,5
71,12,0.8222222,3,0
71,13,0.8666667,2,0
71,14,0.8888889,0,0
71,15,0.8888889,0,0
71,16,0.8888889,0,0
71,17,0.8888889,0,0
71,18,0.8888889,0,0
72,6,0.1555556,3,6
72,7,0.2888889,4,8
72,8,0.3777778,6,10
72,9,0.4888889,7,9
72,10,0.6444445,6,6
72,11,0.7777778,5,3
72,12,0.8444445,3,0
72,13,0.8888889,0,0
72,14,0.8888889,0,0
72,15,0.8888889,0,0
72,16,0.8888889,0,0
72,17,0.8888889,0,0
72,18,0.8888889,0,0
73,6,0.1555556,3,6
73,7,0.2666667,5,8
73,8,0.4444444,6,7
73,9,0.6222222,5,8
73,10,0.7777778,3,3
73,11,0.8444445,3,0
73,12,0.8888889,0,0
73,13,0.8888889,0,0
73,14,0.8888889,0,0
73,15,0.8888889,0,0
73,16,0.8888889,0,0
73,17,0.8888889,0,0
73,18,0.8888889,0,0
74,6,0.1555556,3,6
74,7,0.2444444,3,6
74,8,0.2888889,5,5
74,9,0.3333333,4,8
74,10,0.4444444,6,10
74,11,0.5333334,8,9
74,12,0.6,5,9
74,13,0.7333333,5,4
74,14,0.8444445,2,0
74,15,0.8444445,2,0
74,16,0.8666667,2,0
74,17,0.8888889,0,0
74,18,0.8888889,0,0
75,6,0.1555556,3,6
75,7,0.2222222,4,11
75,8,0.4222222,7,6
75,9,0.5555556,6,7
75,10,0.6888889,6,5
75,11,0.7333333,6,2
75,12,0.8666667,0,0
75,13,0.8666667,0,0
75,14,0.8888889,0,0
75,15,0.8888889,0,0
75,16,0.8888889,0,0
75,17,0.8888889,0,0
75,18,0.8888889,0,0
76,6,0.1555556,3,6
76,7,0.2444444,5,9
76,8,0.3555556,6,7
76,9,0.4888889,8,8
76,10,0.6666667,5,7
76,11,0.7777778,3,2
76,12,0.8444445,2,0
76,13,0.8666667,0,0
76,14,0.8666667,0,0
76,15,0.8888889,0,0
76,16,0.8888889,0,0
76,17,0.8888889,0,0
76,18,0.8888889,0,0
77,6,0.1555556,3,6
77,7,0.2222222,4,8
77,8,0.3111111,6,10
77,9,0.4444444,4,9
77,10,0.6,6,8
77,11,0.6666667,7,4
77,12,0.7555556,5,2
77,13,0.8444445,3,0
77,14,0.8666667,1,0
77,15,0.8666667,1,0
77,16,0.8888889,0,0
77,17,0.8888889,0,0
77,18,0.8888889,0,0
78,6,0.1555556,3,6
78,7,0.2222222,4,5
78,8,0.2888889,4,8
78,9,0.4222222,6,10
78,10,0.5777778,7,12
78,11,0.7333333,6,4
78,12,0.8444445,3,0
78,13,0.8888889,0,0
78,14,0.8888889,0,0
78,15,0.8888889,0,0
78,16,0.8888889,0,0
78,17,0.8888889,0,0
78,18,0.8888889,0,0
79,6,0.1555556,3,6
79,7,0.2222222,5,5
79,8,0.2888889,4,8
79,9,0.4,5,8
79,10,0.4888889,6,7
79,11,0.5777778,6,7
79,12,0.6444445,5,7
79,13,0.7555556,5,4
79,14,0.8,4,0
79,15,0.8222222,3,0
79,16,0.8666667,0,0
79,17,0.8666667,0,0
79,18,0.8888889,0,0
80,6,0.1555556,3,6
80,7,0.2666667,4,6
80,8,0.3333333,5,5
80,9,0.4,6,9
80,10,0.5555556,8,7
80,11,0.6666667,7,7
80,12,0.7777778,5,2
80,13,0.8444445,1,0
80,14,0.8888889,0,0
80,15,0.8888889,0,0
80,16,0.8888889,0,0
80,17,0.8888889,0,0
80,18,0.8888889,0,0
81,6,0.1555556,3,6
81,7,0.1777778,4,6
81,8,0.2444444,5,10
81,9,0.3555556,6,9
81,10,0.4888889,5,8
81,11,0.6,7,6
81,12,0.6888889,6,5
81,13,0.7777778,4,2
81,14,0.8666667,0,0
81,15,0.8888889,0,0
81,16,0.8888889,0,0
81,17,0.8888889,0,0
81,18,0.8888889,0,0
82,6,0.1555556,3,6
82,7,0.2222222,4,8
82,8,0.3555556,4,9
82,9,0.4888889,5,11
82,10,0.6,5,8
82,11,0.7777778,4,2
82,12,0.8444445,3,0
82,13,0.8666667,2,0
82,14,0.8888889,0,0
82,15,0.8888889,0,0
82,16,0.8888889,0,0
82,17,0.8888889,0,0
82,18,0.8888889,0,0
83,6,0.1555556,3,6
83,7,0.2222222,5,8
83,8,0.3333333,6,12
83,9,0.4888889,10,11
83,10,0.6222222,8,5
83,11,0.8,5,0
83,12,0.8444445,1,0
83,13,0.8666667,1,0
83,14,0.8666667,1,0
83,15,0.8888889,0,0
83,16,0.8888889,0,0
83,17,0.8888889,0,0
83,18,0.8888889,0,0
84,6,0.1555556,3,6
84,7,0.2222222,5,6
84,8,0.3333333,6,5
84,9,0.4222222,5,9
84,10,0.5333334,6,7
84,11,0.6222222,7,9
84,12,0.7111111,6,3
84,13,0.8,3,3
84,14,0.8444445,3,0
84,15,0.8888889,0,0
84,16,0.8888889,0,0
84,17,0.8888889,0,0
84,18,0.8888889,0,0
85,6,0.1555556,3,6
85,7,0.2666667,4,6
85,8,0.3333333,4,9
85,9,0.4444444,6,9
85,10,0.5333334,6,10
85,11,0.6666667,8,6
85,12,0.7777778,8,1
85,13,0.8222222,3,0
85,14,0.8666667,0,0
85,15,0.8666667,0,0
85,16,0.8666667,0,0
85,17,0.8666667,0,0
85,18,0.8666667,0,0
86,6,0.1555556,3,6
86,7,0.2444444,4,8
86,8,0.3555556,4,8
86,9,0.4666667,6,10
86,10,0.6222222,6,9
86,11,0.7555556,5,4
86,12,0.8222222,3,0
86,13,0.8666667,2,0
86,14,0.8666667,2,0
86,15,0.8888889,0,0
86,16,0.8888889,0,0
86,17,0.8888889,0,0
86,18,0.8888889,0,0
87,6,0.1555556,3,6
87,7,0.2222222,4,5
87,8,0.3111111,4,10
87,9,0.4444444,8,10
87,10,0.6,8,8
87,11,0.7555556,6,3
87,12,0.7777778,7,1
87,13,0.8666667,0,0
87,14,0.8888889,0,0
87,15,0.8888889,0,0
87,16,0.8888889,0,0
87,17,0.8888889,0,0
87,18,0.8888889,0,0
88,6,0.1555556,3,6
88,7,0.2666667,4,9
88,8,0.4222222,6,10
88,9,0.5777778,7,7
88,10,0.6888889,7,3
88,11,0.7777778,7,0
88,12,0.8444445,1,0
88,13,0.8888889,0,0
88,14,0.8888889,0,0
88,15,0.8888889,0,0
88,16,0.8888889,0,0
88,17,0.8888889,0,0
88,18,0.8888889,0,0
89,6,0.1555556,3,6
89,7,0.2444444,5,6
89,8,0.3555556,5,9
89,9,0.4444444,6,9
89,10,0.5777778,5,8
89,11,0.6666667,6,6
89,12,0.7555556,6,2
89,13,0.8444445,1,0
89,14,0.8888889,0,0
89,15,0.8888889,0,0
89,16,0.8888889,0,0
89,17,0.8888889,0,0
89,18,0.8888889,0,0
90,6,0.1555556,3,6
90,7,0.2222222,5,8
90,8,0.3777778,7,11
90,9,0.5111111,7,7
90,10,0.5777778,3,7
90,11,0.6666667,5,7
90,12,0.7777778,7,0
90,13,0.8666667,0,0
90,14,0.8888889,0,0
90,15,0.8888889,0,0
90,16,0.8888889,0,0
90,17,0.8888889,0,0
90,18,0.8888889,0,0
91,6,0.1555556,3,6
91,7,0.2,4,5
91,8,0.2666667,5,5
91,9,0.4,5,7
91,10,0.5333334,5,7
91,11,0.6444445,5,7
91,12,0.7111111,6,4
91,13,0.8,4,0
91,14,0.8666667,2,0
91,15,0.8666667,2,0
91,16,0.8888889,0,0
91,17,0.8888889,0,0
91,18,0.8888889,0,0
92,6,0.1555556,3,6
92,7,0.2444444,3,8
92,8,0.3555556,6,11
92,9,0.4666667,7,10
92,10,0.6222222,9,6
92,11,0.7333333,7,3
92,12,0.8444445,2,2
92,13,0.8888889,0,0
92,14,0.8888889,0,0
92,15,0.8888889,0,0
92,16,0.8888889,0,0
92,17,0.8888889,0,0
92,18,0.8888889,0,0
93,6,0.1555556,3,6
93,7,0.2888889,4,8
93,8,0.3777778,5,11
93,9,0.5333334,8,9
93,10,0.6666667,9,4
93,11,0.8444445,1,0
93,12,0.8666667,0,0
93,13,0.8888889,0,0
93,14,0.8888889,0,0
93,15,0.8888889,0,0
93,16,0.8888889,0,0
93,17,0.8888889,0,0
93,18,0.8888889,0,0
94,6,0.1555556,3,6
94,7,0.2444444,5,9
94,8,0.3333333,5,10
94,9,0.4666667,7,8
94,10,0.6,10,7
94,11,0.7333333,7,2
94,12,0.8222222,2,2
94,13,0.8666667,0,0
94,14,0.8666667,0,0
94,15,0.8888889,0,0
94,16,0.8888889,0,0
94,17,0.8888889,0,0
94,18,0.8888889,0,0
95,6,0.1555556,3,6
95,7,0.2222222,5,5
95,8,0.3111111,5,9
95,9,0.4222222,7,10
95,10,0.5333334,7,8
95,11,0.7555556,6,2
95,12,0.8444445,1,0
95,13,0.8666667,0,0
95,14,0.8666667,0,0
95,15,0.8888889,0,0
95,16,0.8888889,0,0
95,17,0.8888889,0,0
95,18,0.8888889,0,0
96,6,0.1555556,3,6
96,7,0.2666667,5,8
96,8,0.2888889,6,9
96,9,0.5111111,5,7
96,10,0.5777778,2,7
96,11,0.6,2,8
96,12,0.7333333,5,3
96,13,0.8,2,3
96,14,0.8444445,2,2
96,15,0.8666667,2,0
96,16,0.8888889,0,0
96,17,0.8888889,0,0
96,18,0.8888889,0,0
97,6,0.1555556,3,6
97,7,0.2444444,3,8
97,8,0.3555556,4,10
97,9,0.5111111,8,14
97,10,0.6444445,9,3
97,11,0.7777778,4,0
97,12,0.8222222,3,0
97,13,0.8666667,2,0
97,14,0.8666667,2,0
97,15,0.8888889,0,0
97,16,0.8888889,0,0
97,17,0.8888889,0,0
97,18,0.8888889,0,0
98,6,0.1555556,3,6
98,7,0.2,3,7
98,8,0.2666667,5,6
98,9,0.3333333,5,9
98,10,0.3777778,6,11
98,11,0.6,7,8
98,12,0.6888889,7,5
98,13,0.8,5,2
98,14,0.8222222,4,0
98,15,0.8666667,2,0
98,16,0.8888889,0,0
98,17,0.8888889,0,0
98,18,0.8888889,0,0
99,6,0.1555556,3,6
99,7,0.2444444,5,7
99,8,0.3777778,5,8
99,9,0.4888889,7,7
99,10,0.6444445,6,7
99,11,0.7777778,5,0
99,12,0.8222222,3,0
99,13,0.8666667,0,0
99,14,0.8888889,0,0
99,15,0.8888889,0,0
99,16,0.8888889,0,0
99,17,0.8888889,0,0
99,18,0.8888889,0,0
100,6,0.1555556,3,6
100,7,0.2666667,5,8
100,8,0.4,5,9
100,9,0.5111111,4,9
100,10,0.5777778,5,8
100,11,0.7333333,5,3
100,12,0.8222222,3,0
100,13,0.8888889,0,0
100,14,0.8888889,0,0
100,15,0.8888889,0,0
100,16,0.8888889,0,0
100,17,0.8888889,0,0
100,18,0.8888889,0,0
101,6,0.1555556,3,6
101,7,0.2888889,4,8
101,8,0.4,6,8
101,9,0.5111111,5,8
101,10,0.6666667,8,3
101,11,0.8444445,2,0
101,12,0.8888889,0,0
101,13,0.8888889,0,0
101,14,0.8888889,0,0
101,15,0.8888889,0,0
101,16,0.8888889,0,0
101,17,0.8888889,0,0
101,18,0.8888889,0,0
102,6,0.1555556,3,6
102,7,0.2222222,4,8
102,8,0.2888889,5,9
102,9,0.4222222,6,8
102,10,0.5111111,6,9
102,11,0.6444445,7,8
102,12,0.7111111,9,4
102,13,0.8222222,3,0
102,14,0.8666667,0,0
102,15,0.8666667,0,0
102,16,0.8888889,0,0
102,17,0.8888889,0,0
102,18,0.8888889,0,0
103,6,0.1555556,3,6
103,7,0.2444444,5,7
103,8,0.3333333,5,9
103,9,0.4888889,7,8
103,10,0.6,9,9
103,11,0.7333333,6,2
103,12,0.8444445,1,0
103,13,0.8444445,1,0
103,14,0.8666667,0,0
103,15,0.8666667,0,0
103,16,0.8666667,0,0
103,17,0.8666667,0,0
103,18,0.8666667,0,0
104,6,0.1555556,3,6
104,7,0.2444444,5,9
104,8,0.3777778,5,8
104,9,0.4888889,4,7
104,10,0.6,6,7
104,11,0.6888889,6,6
104,12,0.7777778,6,2
104,13,0.8444445,2,0
104,14,0.8666667,0,0
104,15,0.8666667,0,0
104,16,0.8888889,0,0
104,17,0.8888889,0,0
104,18,0.8888889,0,0
105,6,0.1555556,3,6
105,7,0.2444444,5,6
105,8,0.3111111,4,9
105,9,0.4222222,7,8
105,10,0.5111111,10,8
105,11,0.6444445,7,6
105,12,0.7333333,8,2
105,13,0.8,4,0
105,14,0.8444445,2,0
105,15,0.8666667,0,0
105,16,0.8666667,0,0
105,17,0.8666667,0,0
105,18,0.8888889,0,0
106,6,0.1555556,3,6
106,7,0.2666667,4,9
106,8,0.3555556,5,8
106,9,0.4444444,7,5
106,10,0.5111111,3,6
106,11,0.6222222,5,7
106,12,0.7111111,6,5
106,13,0.7777778,4,3
106,14,0.8444445,3,0
106,15,0.8666667,0,0
106,16,0.8666667,0,0
106,17,0.8888889,0,0
106,18,0.8888889,0,0
107,6,0.1555556,3,6
107,7,0.2222222,5,11
107,8,0.4,8,8
107,9,0.5333334,5,11
107,10,0.6444445,7,6
107,11,0.7777778,4,2
107,12,0.8222222,2,0
107,13,0.8444445,0,0
107,14,0.8666667,0,0
107,15,0.8666667,0,0
107,16,0.8666667,0,0
107,17,0.8888889,0,0
107,18,0.8888889,0,0
108,6,0.1555556,3,6
108,7,0.2444444,5,9
108,8,0.3777778,6,7
108,9,0.5111111,5,11
108,10,0.6222222,6,7
108,11,0.7333333,6,2
108,12,0.7777778,4,2
108,13,0.8444445,0,0
108,14,0.8666667,0,0
108,15,0.8666667,0,0
108,16,0.8666667,0,0
108,17,0.8666667,0,0
108,18,0.8888889,0,0
109,6,0.1555556,3,6
109,7,0.2444444,4,10
109,8,0.3333333,7,8
109,9,0.5333334,6,7
109,10,0.6444445,6,7
109,11,0.7111111,5,6
109,12,0.8,3,3
109,13,0.8222222,2,3
109,14,0.8444445,3,0
109,15,0.8888889,0,0
109,16,0.8888889,0,0
109,17,0.8888889,0,0
109,18,0.8888889,0,0
110,6,0.1555556,3,6
110,7,0.2444444,4,10
110,8,0.4222222,7,6
110,9,0.5111111,7,7
110,10,0.6888889,5,6
110,11,0.8,6,2
110,12,0.8444445,2,0
110,13,0.8444445,2,0
110,14,0.8666667,0,0
110,15,0.8888889,0,0
110,16,0.8888889,0,0
110,17,0.8888889,0,0
110,18,0.8888889,0,0
111,6,0.1555556,3,6
111,7,0.2444444,5,9
111,8,0.4222222,7,6
111,9,0.4888889,9,7
111,10,0.6,6,7
111,11,0.7333333,6,3
111,12,0.8,4,2
111,13,0.8222222,2,0
111,14,0.8888889,0,0
111,15,0.8888889,0,0
111,16,0.8888889,0,0
111,17,0.8888889,0,0
111,18,0.8888889,0,0
112,6,0.1555556,3,6
112,7,0.2444444,5,9
112,8,0.4222222,8,8
112,9,0.5111111,6,9
112,10,0.6444445,6,7
112,11,0.8,4,2
112,12,0.8666667,2,0
112,13,0.8666667,2,0
112,14,0.8666667,2,0
112,15,0.8888889,0,0
112,16,0.8888889,0,0
112,17,0.8888889,0,0
112,18,0.8888889,0,0
113,6,0.1555556,3,6
113,7,0.2666667,5,8
113,8,0.4444444,7,9
113,9,0.6,8,9
113,10,0.8222222,4,1
113,11,0.8666667,0,0
113,12,0.8666667,0,0
113,13,0.8888889,0,0
113,14,0.8888889,0,0
113,15,0.8888889,0,0
113,16,0.8888889,0,0
113,17,0.8888889,0,0
113,18,0.8888889,0,0
114,6,0.1555556,3,6
114,7,0.2888889,4,8
114,8,0.4222222,8,10
114,9,0.5777778,7,7
114,10,0.7333333,7,3
114,11,0.8666667,0,0
114,12,0.8666667,0,0
114,13,0.8666667,0,0
114,14,0.8888889,0,0
114,15,0.8888889,0,0
114,16,0.8888889,0,0
114,17,0.8888889,0,0
114,18,0.8888889,0,0
115,6,0.1555556,3,6
115,7,0.2,5,8
115,8,0.2888889,5,9
115,9,0.4,3,8
115,10,0.5111111,5,8
115,11,0.5777778,3,8
115,12,0.6444445,6,9
115,13,0.8222222,5,0
115,14,0.8666667,0,0
115,15,0.8666667,0,0
115,16,0.8888889,0,0
115,17,0.8888889,0,0
115,18,0.8888889,0,0
116,6,0.1555556,3,6
116,7,0.2666667,5,8
116,8,0.3555556,7,9
116,9,0.4666667,6,11
116,10,0.6,9,9
116,11,0.7333333,8,4
116,12,0.8666667,2,0
116,13,0.8888889,0,0
116,14,0.8888889,0,0
116,15,0.8888889,0,0
116,16,0.8888889,0,0
116,17,0.8888889,0,0
116,18,0.8888889,0,0
117,6,0.1555556,3,6
117,7,0.2222222,4,5
117,8,0.2666667,5,9
117,9,0.4666667,6,10
117,10,0.5555556,5,7
117,11,0.7333333,6,4
117,12,0.8,5,1
117,13,0.8444445,1,0
117,14,0.8666667,0,0
117,15,0.8888889,0,0
117,16,0.8888889,0,0
117,17,0.8888889,0,0
117,18,0.8888889,0,0
118,6,0.1555556,3,6
118,7,0.2222222,4,5
118,8,0.3333333,5,10
118,9,0.4222222,7,8
118,10,0.5777778,6,7
118,11,0.7111111,4,3
118,12,0.8222222,3,0
118,13,0.8888889,0,0
118,14,0.8888889,0,0
118,15,0.8888889,0,0
118,16,0.8888889,0,0
118,17,0.8888889,0,0
118,18,0.8888889,0,0
119,6,0.1555556,3,6
119,7,0.2,4,4
119,8,0.2888889,5,9
119,9,0.4444444,6,9
119,10,0.5333334,7,9
119,11,0.7111111,6,4
119,12,0.7777778,4,2
119,13,0.8666667,0,0
119,14,0.8888889,0,0
119,15,0.8888889,0,0
119,16,0.8888889,0,0
119,17,0.8888889,0,0
119,18,0.8888889,0,0
120,6,0.1555556,3,6
120,7,0.2444444,5,9
120,8,0.3111111,5,10
120,9,0.4666667,8,8
120,10,0.6,4,7
120,11,0.7111111,5,5
120,12,0.8,2,2
120,13,0.8888889,0,0
120,14,0.8888889,0,0
120,15,0.8888889,0,0
120,16,0.8888889,0,0
120,17,0.8888889,0,0
120,18,0.8888889,0,0
121,6,0.1555556,3,6
121,7,0.2444444,5,9
121,8,0.3333333,6,10
121,9,0.4888889,6,8
121,10,0.6444445,6,6
121,11,0.7333333,4,5
121,12,0.8222222,2,0
121,13,0.8666667,2,0
121,14,0.8888889,0,0
121,15,0.8888889,0,0
121,16,0.8888889,0,0
121,17,0.8888889,0,0
121,18,0.8888889,0,0
122,6,0.1555556,3,6
122,7,0.2222222,5,10
122,8,0.4,7,7
122,9,0.5555556,6,7
122,10,0.6444445,4,6
122,11,0.7777778,3,4
122,12,0.8222222,2,2
122,13,0.8666667,2,0
122,14,0.8888889,0,0
122,15,0.8888889,0,0
122,16,0.8888889,0,0
122,17,0.8888889,0,0
122,18,0.8888889,0,0
123,6,0.1555556,3,6
123,7,0.2444444,5,6
123,8,0.3111111,4,8
123,9,0.3777778,6,9
123,10,0.5333334,7,7
123,11,0.5777778,8,6
123,12,0.6888889,5,4
123,13,0.7777778,4,2
123,14,0.8888889,0,0
123,15,0.8888889,0,0
123,16,0.8888889,0,0
123,17,0.8888889,0,0
123,18,0.8888889,0,0
124,6,0.1555556,3,6
124,7,0.2666667,4,6
124,8,0.3111111,5,7
124,9,0.3777778,6,10
124,10,0.5333334,6,7
124,11,0.6,6,6
124,12,0.6666667,4,5
124,13,0.7777778,3,3
124,14,0.8444445,2,0
124,15,0.8666667,0,0
124,16,0.8888889,0,0
124,17,0.8888889,0,0
124,18,0.8888889,0,0
125,6,0.1555556,3,6
125,7,0.2444444,3,5
125,8,0.3111111,4,10
125,9,0.4222222,6,10
125,10,0.6222222,8,6
125,11,0.7333333,5,4
125,12,0.8,5,2
125,13,0.8444445,1,0
125,14,0.8888889,0,0
125,15,0.8888889,0,0
125,16,0.8888889,0,0
125,17,0.8888889,0,0
125,18,0.8888889,0,0
126,6,0.1555556,3,6
126,7,0.2666667,4,6
126,8,0.3555556,4,9
126,9,0.4444444,4,7
126,10,0.4888889,4,8
126,11,0.6,6,5
126,12,0.6444445,6,7
126,13,0.7777778,4,2
126,14,0.8444445,2,0
126,15,0.8444445,2,0
126,16,0.8444445,2,0
126,17,0.8444445,2,0
126,18,0.8666667,2,0
127,6,0.1555556,3,6
127,7,0.2444444,4,10
127,8,0.4,6,10
127,9,0.5555556,7,7
127,10,0.6666667,6,7
127,11,0.8,6,2
127,12,0.8444445,4,1
127,13,0.8444445,4,1
127,14,0.8666667,0,0
127,15,0.8666667,0,0
127,16,0.8888889,0,0
127,17,0.8888889,0,0
127,18,0.8888889,0,0
128,6,0.1555556,3,6
128,7,0.2222222,4,5
128,8,0.2666667,4,6
128,9,0.2888889,5,7
128,10,0.3777778,7,6
128,11,0.4444444,6,8
128,12,0.5555556,4,9
128,13,0.6888889,6,7
128,14,0.7777778,6,0
128,15,0.8222222,4,0
128,16,0.8888889,0,0
128,17,0.8888889,0,0
128,18,0.8888889,0,0
129,6,0.1555556,3,6
129,7,0.2444444,3,10
129,8,0.3777778,6,9
129,9,0.4444444,5,8
129,10,0.6,7,6
129,11,0.6666667,4,6
129,12,0.7555556,4,4
129,13,0.8,2,3
129,14,0.8444445,4,1
129,15,0.8666667,0,0
129,16,0.8888889,0,0
129,17,0.8888889,0,0
129,18,0.8888889,0,0
130,6,0.1555556,3,6
130,7,0.2444444,3,10
130,8,0.3777778,6,7
130,9,0.4444444,8,10
130,10,0.6222222,10,6
130,11,0.7555556,7,2
130,12,0.8888889,0,0
130,13,0.8888889,0,0
130,14,0.8888889,0,0
130,15,0.8888889,0,0
130,16,0.8888889,0,0
130,17,0.8888889,0,0
130,18,0.8888889,0,0
131,6,0.1555556,3,6
131,7,0.2,5,12
131,8,0.3555556,6,10
131,9,0.4888889,9,9
131,10,0.6888889,8,7
131,11,0.8222222,3,0
131,12,0.8888889,0,0
131,13,0.8888889,0,0
131,14,0.8888889,0,0
131,15,0.8888889,0,0
131,16,0.8888889,0,0
131,17,0.8888889,0,0
131,18,0.8888889,0,0
132,6,0.1555556,3,6
132,7,0.2666667,5,8
132,8,0.3555556,5,9
132,9,0.4666667,7,9
132,10,0.6222222,7,8
132,11,0.7333333,7,5
132,12,0.8222222,3,2
132,13,0.8888889,0,0
132,14,0.8888889,0,0
132,15,0.8888889,0,0
132,16,0.8888889,0,0
132,17,0.8888889,0,0
132,18,0.8888889,0,0
133,6,0.1555556,3,6
133,7,0.2222222,4,5
133,8,0.2666667,3,8
133,9,0.4222222,7,7
133,10,0.5555556,7,7
133,11,0.6888889,6,6
133,12,0.8,4,0
133,13,0.8666667,0,0
133,14,0.8888889,0,0
133,15,0.8888889,0,0
133,16,0.8888889,0,0
133,17,0.8888889,0,0
133,18,0.8888889,0,0
134,6,0.1555556,3,6
134,7,0.2222222,4,5
134,8,0.2666667,4,6
134,9,0.3111111,4,8
134,10,0.4,6,6
134,11,0.4888889,4,7
134,12,0.6222222,5,6
134,13,0.7555556,4,3
134,14,0.8444445,2,2
134,15,0.8888889,0,0
134,16,0.8888889,0,0
134,17,0.8888889,0,0
134,18,0.8888889,0,0
135,6,0.1555556,3,6
135,7,0.2222222,5,5
135,8,0.2888889,6,6
135,9,0.4222222,6,10
135,10,0.5555556,3,7
135,11,0.6,3,8
135,12,0.7555556,5,2
135,13,0.8222222,4,0
135,14,0.8444445,2,0
135,15,0.8666667,0,0
135,16,0.8888889,0,0
135,17,0.8888889,0,0
135,18,0.8888889,0,0
136,6,0.1555556,3,6
136,7,0.2444444,4,10
136,8,0.3333333,6,11
136,9,0.4666667,6,11
136,10,0.6444445,8,6
136,11,0.7333333,6,4
136,12,0.8444445,3,0
136,13,0.8666667,1,0
136,14,0.8888889,0,0
136,15,0.8888889,0,0
136,16,0.8888889,0,0
136,17,0.8888889,0,0
136,18,0.8888889,0,0
137,6,0.1555556,3,6
137,7,0.2222222,5,9
137,8,0.4,5,11
137,9,0.5555556,5,8
137,10,0.6444445,6,6
137,11,0.7111111,5,5
137,12,0.8,3,2
137,13,0.8444445,2,0
137,14,0.8888889,0,0
137,15,0.8888889,0,0
137,16,0.8888889,0,0
137,17,0.8888889,0,0
137,18,0.8888889,0,0
138,6,0.1555556,3,6
138,7,0.2444444,3,5
138,8,0.3555556,4,10
138,9,0.3777778,5,11
138,10,0.5111111,6,9
138,11,0.6222222,7,8
138,12,0.7777778,2,2
138,13,0.8,3,2
138,14,0.8666667,0,0
138,15,0.8666667,0,0
138,16,0.8888889,0,0
138,17,0.8888889,0,0
138,18,0.8888889,0,0
139,6,0.1555556,3,6
139,7,0.2444444,5,9
139,8,0.3555556,7,9
139,9,0.5555556,6,8
139,10,0.6666667,6,6
139,11,0.8,3,2
139,12,0.8444445,2,2
139,13,0.8666667,2,0
139,14,0.8666667,2,0
139,15,0.8888889,0,0
139,16,0.8888889,0,0
139,17,0.8888889,0,0
139,18,0.8888889,0,0
140,6,0.1555556,3,6
140,7,0.2666667,5,8
140,8,0.4222222,6,8
140,9,0.5111111,7,7
140,10,0.6666667,4,6
140,11,0.7777778,3,3
140,12,0.8,3,2
140,13,0.8444445,3,0
140,14,0.8888889,0,0
140,15,0.8888889,0,0
140,16,0.8888889,0,0
140,17,0.8888889,0,0
140,18,0.8888889,0,0
141,6,0.1555556,3,6
141,7,0.2444444,4,10
141,8,0.3777778,5,11
141,9,0.5777778,7,11
141,10,0.6888889,9,4
141,11,0.8,3,2
141,12,0.8666667,0,0
141,13,0.8888889,0,0
141,14,0.8888889,0,0
141,15,0.8888889,0,0
141,16,0.8888889,0,0
141,17,0.8888889,0,0
141,18,0.8888889,0,0
142,6,0.1555556,3,6
142,7,0.2222222,5,5
142,8,0.2666667,6,5
142,9,0.3333333,5,8
142,10,0.4,5,6
142,11,0.4888889,5,10
142,12,0.6444445,10,5
142,13,0.8,6,2
142,14,0.8666667,0,0
142,15,0.8666667,0,0
142,16,0.8666667,0,0
142,17,0.8666667,0,0
142,18,0.8888889,0,0
143,6,0.1555556,3,6
143,7,0.2666667,4,9
143,8,0.3777778,5,11
143,9,0.5777778,7,8
143,10,0.7555556,6,5
143,11,0.8222222,4,0
143,12,0.8666667,0,0
143,13,0.8888889,0,0
143,14,0.8888889,0,0
143,15,0.8888889,0,0
143,16,0.8888889,0,0
143,17,0.8888889,0,0
143,18,0.8888889,0,0
144,6,0.1555556,3,6
144,7,0.2444444,5,9
144,8,0.4,7,9
144,9,0.5555556,7,8
144,10,0.6222222,6,9
144,11,0.8,7,1
144,12,0.8666667,0,0
144,13,0.8888889,0,0
144,14,0.8888889,0,0
144,15,0.8888889,0,0
144,16,0.8888889,0,0
144,17,0.8888889,0,0
144,18,0.8888889,0,0
145,6,0.1555556,3,6
145,7,0.2222222,5,5
145,8,0.2888889,4,8
145,9,0.3777778,6,9
145,10,0.6,6,7
145,11,0.6444445,5,7
145,12,0.7777778,6,2
145,13,0.8444445,2,2
145,14,0.8666667,2,0
145,15,0.8666667,2,0
145,16,0.8888889,0,0
145,17,0.8888889,0,0
145,18,0.8888889,0,0
146,6,0.1555556,3,6
146,7,0.2444444,5,6
146,8,0.3111111,5,6
146,9,0.4222222,5,9
146,10,0.5555556,7,7
146,11,0.6888889,7,4
146,12,0.8,3,2
146,13,0.8444445,0,0
146,14,0.8666667,0,0
146,15,0.8888889,0,0
146,16,0.8888889,0,0
146,17,0.8888889,0,0
146,18,0.8888889,0,0
147,6,0.1555556,3,6
147,7,0.2222222,4,5
147,8,0.2888889,4,6
147,9,0.3333333,5,6
147,10,0.4222222,6,9
147,11,0.5111111,7,8
147,12,0.6666667,7,5
147,13,0.7111111,5,5
147,14,0.7555556,3,5
147,15,0.8222222,3,0
147,16,0.8888889,0,0
147,17,0.8888889,0,0
147,18,0.8888889,0,0
148,6,0.1555556,3,6
148,7,0.2444444,5,6
148,8,0.3111111,5,9
148,9,0.4888889,8,8
148,10,0.5777778,7,7
148,11,0.6888889,5,4
148,12,0.8222222,3,2
148,13,0.8444445,3,0
148,14,0.8888889,0,0
148,15,0.8888889,0,0
148,16,0.8888889,0,0
148,17,0.8888889,0,0
148,18,0.8888889,0,0
149,6,0.1555556,3,6
149,7,0.2,5,10
149,8,0.2666667,7,7
149,9,0.4222222,5,10
149,10,0.5333334,6,9
149,11,0.6444445,6,5
149,12,0.7111111,6,4
149,13,0.8444445,2,0
149,14,0.8888889,0,0
149,15,0.8888889,0,0
149,16,0.8888889,0,0
149,17,0.8888889,0,0
149,18,0.8888889,0,0
150,6,0.1555556,3,6
150,7,0.2444444,5,6
150,8,0.3333333,5,6
150,9,0.4444444,6,8
150,10,0.5333334,4,7
150,11,0.6444445,6,5
150,12,0.7333333,4,5
150,13,0.8222222,3,2
150,14,0.8666667,0,0
150,15,0.8666667,0,0
150,16,0.8666667,0,0
150,17,0.8888889,0,0
150,18,0.8888889,0,0
151,6,0.1555556,3,6
151,7,0.2444444,5,9
151,8,0.4,6,8
151,9,0.5555556,6,9
151,10,0.7333333,6,5
151,11,0.8,7,0
151,12,0.8666667,2,0
151,13,0.8888889,0,0
151,14,0.8888889,0,0
151,15,0.8888889,0,0
151,16,0.8888889,0,0
151,17,0.8888889,0,0
151,18,0.8888889,0,0
152,6,0.1555556,3,6
152,7,0.1777778,4,7
152,8,0.2888889,4,8
152,9,0.3333333,5,7
152,10,0.4444444,4,9
152,11,0.5777778,7,7
152,12,0.6444445,5,6
152,13,0.6888889,7,4
152,14,0.7555556,3,3
152,15,0.8444445,3,0
152,16,0.8666667,2,0
152,17,0.8888889,0,0
152,18,0.8888889,0,0
153,6,0.1555556,3,6
153,7,0.2888889,4,8
153,8,0.4444444,6,6
153,9,0.5333334,5,6
153,10,0.6222222,5,7
153,11,0.7333333,7,4
153,12,0.8,2,3
153,13,0.8444445,3,0
153,14,0.8444445,3,0
153,15,0.8888889,0,0
153,16,0.8888889,0,0
153,17,0.8888889,0,0
153,18,0.8888889,0,0
154,6,0.1555556,3,6
154,7,0.2444444,5,9
154,8,0.3555556,5,8
154,9,0.4666667,2,6
154,10,0.5555556,3,8
154,11,0.6444445,6,5
154,12,0.7333333,3,5
154,13,0.8222222,2,2
154,14,0.8666667,1,0
154,15,0.8888889,0,0
154,16,0.8888889,0,0
154,17,0.8888889,0,0
154,18,0.8888889,0,0
155,6,0.1555556,3,6
155,7,0.2,5,7
155,8,0.2666667,5,10
155,9,0.4222222,7,9
155,10,0.6222222,9,8
155,11,0.7555556,8,2
155,12,0.8222222,2,2
155,13,0.8666667,0,0
155,14,0.8666667,0,0
155,15,0.8888889,0,0
155,16,0.8888889,0,0
155,17,0.8888889,0,0
155,18,0.8888889,0,0
156,6,0.1555556,3,6
156,7,0.2222222,4,5
156,8,0.3333333,4,9
156,9,0.4444444,7,11
156,10,0.5333334,9,9
156,11,0.6666667,8,5
156,12,0.7333333,3,4
156,13,0.8,4,2
156,14,0.8666667,1,0
156,15,0.8666667,1,0
156,16,0.8888889,0,0
156,17,0.8888889,0,0
156,18,0.8888889,0,0
157,6,0.1555556,3,6
157,7,0.2444444,3,5
157,8,0.2888889,4,5
157,9,0.3333333,4,9
157,10,0.4888889,8,9
157,11,0.6222222,6,7
157,12,0.7777778,5,0
157,13,0.8444445,0,0
157,14,0.8666667,0,0
157,15,0.8888889,0,0
157,16,0.8888889,0,0
157,17,0.8888889,0,0
157,18,0.8888889,0,0
158,6,0.1555556,3,6
158,7,0.2222222,2,4
158,8,0.2666667,4,6
158,9,0.2888889,4,6
158,10,0.3333333,5,9
158,11,0.4222222,7,9
158,12,0.5555556,7,8
158,13,0.6666667,8,5
158,14,0.7111111,6,5
158,15,0.8,4,0
158,16,0.8666667,0,0
158,17,0.8888889,0,0
158,18,0.8888889,0,0
159,6,0.1555556,3,6
159,7,0.2666667,4,6
159,8,0.3555556,5,9
159,9,0.4666667,4,8
159,10,0.5777778,6,6
159,11,0.6666667,7,5
159,12,0.7555556,4,4
159,13,0.8444445,1,0
159,14,0.8666667,0,0
159,15,0.8888889,0,0
159,16,0.8888889,0,0
159,17,0.8888889,0,0
159,18,0.8888889,0,0
160,6,0.1555556,3,6
160,7,0.2444444,3,5
160,8,0.2888889,4,6
160,9,0.3777778,4,9
160,10,0.5111111,6,8
160,11,0.7111111,6,3
160,12,0.8444445,2,0
160,13,0.8888889,0,0
160,14,0.8888889,0,0
160,15,0.8888889,0,0
160,16,0.8888889,0,0
160,17,0.8888889,0,0
160,18,0.8888889,0,0
161,6,0.1555556,3,6
161,7,0.2,3,7
161,8,0.3333333,4,9
161,9,0.5111111,6,8
161,10,0.6666667,7,5
161,11,0.7555556,5,3
161,12,0.8222222,2,0
161,13,0.8444445,0,0
161,14,0.8666667,0,0
161,15,0.8888889,0,0
161,16,0.8888889,0,0
161,17,0.8888889,0,0
161,18,0.8888889,0,0
162,6,0.1555556,3,6
162,7,0.2444444,5,9
162,8,0.4,6,10
162,9,0.5555556,9,9
162,10,0.7555556,7,0
162,11,0.8444445,2,0
162,12,0.8666667,1,0
162,13,0.8888889,0,0
162,14,0.8888889,0,0
162,15,0.8888889,0,0
162,16,0.8888889,0,0
162,17,0.8888889,0,0
162,18,0.8888889,0,0
163,6,0.1555556,3,6
163,7,0.2222222,4,11
163,8,0.3555556,7,8
163,9,0.4666667,6,7
163,10,0.5333334,6,7
163,11,0.6888889,7,5
163,12,0.8,4,1
163,13,0.8444445,0,0
163,14,0.8888889,0,0
163,15,0.8888889,0,0
163,16,0.8888889,0,0
163,17,0.8888889,0,0
163,18,0.8888889,0,0
164,6,0.1555556,3,6
164,7,0.2222222,4,5
164,8,0.3111111,4,8
164,9,0.4,5,10
164,10,0.5111111,6,10
164,11,0.7111111,9,2
164,12,0.8,5,0
164,13,0.8,5,0
164,14,0.8444445,2,0
164,15,0.8888889,0,0
164,16,0.8888889,0,0
164,17,0.8888889,0,0
164,18,0.8888889,0,0
165,6,0.1555556,3,6
165,7,0.2444444,5,6
165,8,0.3555556,5,8
165,9,0.4666667,4,9
165,10,0.6,6,5
165,11,0.7111111,5,4
165,12,0.8222222,3,2
165,13,0.8888889,0,0
165,14,0.8888889,0,0
165,15,0.8888889,0,0
165,16,0.8888889,0,0
165,17,0.8888889,0,0
165,18,0.8888889,0,0
166,6,0.1555556,3,6
166,7,0.2444444,4,10
166,8,0.4666667,8,6
166,9,0.5555556,5,7
166,10,0.6222222,6,6
166,11,0.7555556,3,4
166,12,0.8,4,2
166,13,0.8444445,2,2
166,14,0.8666667,2,0
166,15,0.8666667,2,0
166,16,0.8888889,0,0
166,17,0.8888889,0,0
166,18,0.8888889,0,0
167,6,0.1555556,3,6
167,7,0.2222222,5,10
167,8,0.3555556,6,7
167,9,0.4888889,5,7
167,10,0.5555556,5,8
167,11,0.6666667,6,4
167,12,0.8,3,3
167,13,0.8222222,2,3
167,14,0.8666667,2,0
167,15,0.8888889,0,0
167,16,0.8888889,0,0
167,17,0.8888889,0,0
167,18,0.8888889,0,0
168,6,0.1555556,3,6
168,7,0.2222222,4,5
168,8,0.2888889,4,10
168,9,0.3777778,6,12
168,10,0.4666667,8,11
168,11,0.6,9,6
168,12,0.7555556,4,5
168,13,0.8666667,0,0
168,14,0.8666667,0,0
168,15,0.8666667,0,0
168,16,0.8666667,0,0
168,17,0.8888889,0,0
168,18,0.8888889,0,0
169,6,0.1555556,3,6
169,7,0.2222222,4,5
169,8,0.2888889,3,8
169,9,0.3777778,6,9
169,10,0.5111111,6,7
169,11,0.5777778,6,7
169,12,0.7333333,5,5
169,13,0.7777778,4,2
169,14,0.8666667,0,0
169,15,0.8888889,0,0
169,16,0.8888889,0,0
169,17,0.8888889,0,0
169,18,0.8888889,0,0
170,6,0.1555556,3,6
170,7,0.2222222,2,5
170,8,0.3333333,5,8
170,9,0.4,5,9
170,10,0.5111111,7,7
170,11,0.6444445,7,5
170,12,0.7111111,6,2
170,13,0.8222222,3,0
170,14,0.8666667,0,0
170,15,0.8666667,0,0
170,16,0.8888889,0,0
170,17,0.8888889,0,0
170,18,0.8888889,0,0
171,6,0.1555556,3,6
171,7,0.2,3,7
171,8,0.2888889,5,11
171,9,0.4222222,7,7
171,10,0.5777778,10,7
171,11,0.6888889,7,5
171,12,0.7777778,5,2
171,13,0.8444445,4,1
171,14,0.8666667,0,0
171,15,0.8888889,0,0
171,16,0.8888889,0,0
171,17,0.8888889,0,0
171,18,0.8888889,0,0
172,6,0.1555556,3,6
172,7,0.2888889,4,8
172,8,0.3333333,6,9
172,9,0.4666667,6,9
172,10,0.5555556,7,9
172,11,0.7333333,4,4
172,12,0.8222222,2,3
172,13,0.8666667,2,0
172,14,0.8888889,0,0
172,15,0.8888889,0,0
172,16,0.8888889,0,0
172,17,0.8888889,0,0
172,18,0.8888889,0,0
173,6,0.1555556,3,6
173,7,0.2444444,5,6
173,8,0.2888889,5,7
173,9,0.3555556,5,10
173,10,0.4,6,11
173,11,0.5111111,7,9
173,12,0.6888889,7,6
173,13,0.8,3,0
173,14,0.8222222,1,0
173,15,0.8888889,0,0
173,16,0.8888889,0,0
173,17,0.8888889,0,0
173,18,0.8888889,0,0
174,6,0.1555556,3,6
174,7,0.2888889,4,8
174,8,0.4222222,6,10
174,9,0.5111111,8,11
174,10,0.6888889,8,6
174,11,0.7777778,8,0
174,12,0.8888889,0,0
174,13,0.8888889,0,0
174,14,0.8888889,0,0
174,15,0.8888889,0,0
174,16,0.8888889,0,0
174,17,0.8888889,0,0
174,18,0.8888889,0,0
175,6,0.1555556,3,6
175,7,0.2666667,5,8
175,8,0.2888889,6,7
175,9,0.4222222,6,10
175,10,0.6,6,8
175,11,0.7111111,4,6
175,12,0.7777778,5,2
175,13,0.8666667,0,0
175,14,0.8888889,0,0
175,15,0.8888889,0,0
175,16,0.8888889,0,0
175,17,0.8888889,0,0
175,18,0.8888889,0,0
176,6,0.1555556,3,6
176,7,0.2222222,4,5
176,8,0.3111111,4,9
176,9,0.4666667,6,7
176,10,0.6222222,6,7
176,11,0.7333333,5,3
176,12,0.8,3,0
176,13,0.8444445,1,0
176,14,0.8666667,0,0
176,15,0.8888889,0,0
176,16,0.8888889,0,0
176,17,0.8888889,0,0
176,18,0.8888889,0,0
177,6,0.1555556,3,6
177,7,0.2,3,7
177,8,0.3111111,4,8
177,9,0.3777778,7,9
177,10,0.5111111,8,8
177,11,0.6444445,5,6
177,12,0.7111111,6,2
177,13,0.8,4,2
177,14,0.8444445,2,0
177,15,0.8444445,2,0
177,16,0.8888889,0,0
177,17,0.8888889,0,0
177,18,0.8888889,0,0
178,6,0.1555556,3,6
178,7,0.2,3,7
178,8,0.2666667,5,6
178,9,0.3555556,6,8
178,10,0.4666667,6,7
178,11,0.5555556,7,9
178,12,0.6666667,7,6
178,13,0.7333333,4,4
178,14,0.8444445,2,2
178,15,0.8444445,2,2
178,16,0.8666667,2,0
178,17,0.8888889,0,0
178,18,0.8888889,0,0
179,6,0.1555556,3,6
179,7,0.2666667,5,8
179,8,0.4,5,9
179,9,0.5777778,6,10
179,10,0.7555556,4,2
179,11,0.8,4,0
179,12,0.8222222,2,0
179,13,0.8444445,2,0
179,14,0.8888889,0,0
179,15,0.8888889,0,0
179,16,0.8888889,0,0
179,17,0.8888889,0,0
179,18,0.8888889,0,0
180,6,0.1555556,3,6
180,7,0.2444444,5,9
180,8,0.4222222,7,6
180,9,0.4888889,6,8
180,10,0.6,6,8
180,11,0.7333333,4,4
180,12,0.8444445,1,0
180,13,0.8444445,1,0
180,14,0.8444445,1,0
180,15,0.8666667,0,0
180,16,0.8888889,0,0
180,17,0.8888889,0,0
180,18,0.8888889,0,0
181,6,0.1555556,3,6
181,7,0.2444444,4,10
181,8,0.3777778,6,10
181,9,0.5111111,8,10
181,10,0.7333333,6,2
181,11,0.8666667,0,0
181,12,0.8888889,0,0
181,13,0.8888889,0,0
181,14,0.8888889,0,0
181,15,0.8888889,0,0
181,16,0.8888889,0,0
181,17,0.8888889,0,0
181,18,0.8888889,0,0
182,6,0.1555556,3,6
182,7,0.2444444,4,8
182,8,0.4444444,7,10
182,9,0.5555556,5,7
182,10,0.6444445,5,7
182,11,0.7333333,6,3
182,12,0.8222222,2,0
182,13,0.8444445,1,0
182,14,0.8666667,0,0
182,15,0.8666667,0,0
182,16,0.8888889,0,0
182,17,0.8888889,0,0
182,18,0.8888889,0,0
183,6,0.1555556,3,6
183,7,0.2444444,3,5
183,8,0.2666667,3,8
183,9,0.3777778,5,9
183,10,0.5333334,7,10
183,11,0.7333333,7,3
183,12,0.8,4,1
183,13,0.8222222,2,0
183,14,0.8666667,0,0
183,15,0.8666667,0,0
183,16,0.8666667,0,0
183,17,0.8666667,0,0
183,18,0.8666667,0,0
184,6,0.1555556,3,6
184,7,0.2444444,4,10
184,8,0.4,5,9
184,9,0.5777778,6,8
184,10,0.6444445,7,6
184,11,0.7777778,5,0
184,12,0.8666667,2,0
184,13,0.8888889,0,0
184,14,0.8888889,0,0
184,15,0.8888889,0,0
184,16,0.8888889,0,0
184,17,0.8888889,0,0
184,18,0.8888889,0,0
185,6,0.1555556,3,6
185,7,0.2444444,5,9
185,8,0.4,5,11
185,9,0.5777778,6,7
185,10,0.6888889,5,6
185,11,0.7555556,6,3
185,12,0.8444445,2,0
185,13,0.8666667,0,0
185,14,0.8666667,0,0
185,15,0.8888889,0,0
185,16,0.8888889,0,0
185,17,0.8888889,0,0
185,18,0.8888889,0,0
186,6,0.1555556,3,6
186,7,0.2888889,4,8
186,8,0.3555556,5,9
186,9,0.4666667,5,10
186,10,0.6,7,6
186,11,0.7555556,4,4
186,12,0.8222222,3,1
186,13,0.8666667,0,0
186,14,0.8666667,0,0
186,15,0.8666667,0,0
186,16,0.8888889,0,0
186,17,0.8888889,0,0
186,18,0.8888889,0,0
187,6,0.1555556,3,6
187,7,0.2,5,7
187,8,0.2888889,4,9
187,9,0.4,8,7
187,10,0.5333334,5,7
187,11,0.6444445,5,6
187,12,0.7555556,4,3
187,13,0.8,4,0
187,14,0.8444445,1,0
187,15,0.8888889,0,0
187,16,0.8888889,0,0
187,17,0.8888889,0,0
187,18,0.8888889,0,0
188,6,0.1555556,3,6
188,7,0.2666667,5,8
188,8,0.3777778,8,9
188,9,0.4888889,9,7
188,10,0.6444445,5,6
188,11,0.7333333,4,3
188,12,0.8444445,3,0
188,13,0.8666667,0,0
188,14,0.8888889,0,0
188,15,0.8888889,0,0
188,16,0.8888889,0,0
188,17,0.8888889,0,0
188,18,0.8888889,0,0
189,6,0.1555556,3,6
189,7,0.2,3,7
189,8,0.2888889,5,8
189,9,0.3777778,5,7
189,10,0.5111111,7,10
189,11,0.6888889,6,6
189,12,0.7777778,7,3
189,13,0.8444445,4,1
189,14,0.8666667,0,0
189,15,0.8888889,0,0
189,16,0.8888889,0,0
189,17,0.8888889,0,0
189,18,0.8888889,0,0
190,6,0.1555556,3,6
190,7,0.2222222,5,10
190,8,0.3111111,5,9
190,9,0.4,7,10
190,10,0.5555556,7,8
190,11,0.7111111,8,6
190,12,0.8,5,2
190,13,0.8666667,0,0
190,14,0.8888889,0,0
190,15,0.8888889,0,0
190,16,0.8888889,0,0
190,17,0.8888889,0,0
190,18,0.8888889,0,0
191,6,0.1555556,3,6
191,7,0.2444444,3,10
191,8,0.3555556,7,8
191,9,0.4666667,5,7
191,10,0.5777778,5,7
191,11,0.6888889,7,6
191,12,0.7555556,6,3
191,13,0.8,5,2
191,14,0.8666667,0,0
191,15,0.8666667,0,0
191,16,0.8666667,0,0
191,17,0.8666667,0,0
191,18,0.8666667,0,0
192,6,0.1555556,3,6
192,7,0.2444444,5,6
192,8,0.3777778,6,8
192,9,0.5111111,5,8
192,10,0.5777778,5,5
192,11,0.6888889,4,5
192,12,0.7111111,3,5
192,13,0.7777778,4,3
192,14,0.8444445,2,0
192,15,0.8666667,0,0
192,16,0.8666667,0,0
192,17,0.8666667,0,0
192,18,0.8666667,0,0
193,6,0.1555556,3,6
193,7,0.2666667,3,9
193,8,0.3777778,5,9
193,9,0.5333334,8,10
193,10,0.6222222,7,8
193,11,0.7555556,6,3
193,12,0.8,5,2
193,13,0.8444445,2,0
193,14,0.8444445,2,0
193,15,0.8666667,0,0
193,16,0.8666667,0,0
193,17,0.8888889,0,0
193,18,0.8888889,0,0
194,6,0.1555556,3,6
194,7,0.2,4,5
194,8,0.2444444,3,5
194,9,0.2888889,4,9
194,10,0.3777778,8,10
194,11,0.4666667,7,9
194,12,0.5777778,8,8
194,13,0.7111111,6,4
194,14,0.8,4,2
194,15,0.8888889,0,0
194,16,0.8888889,0,0
194,17,0.8888889,0,0
194,18,0.8888889,0,0
195,6,0.1555556,3,6
195,7,0.2444444,4,10
195,8,0.4,7,8
195,9,0.5111111,11,10
195,10,0.7333333,8,2
195,11,0.8222222,3,0
195,12,0.8444445,1,0
195,13,0.8444445,1,0
195,14,0.8888889,0,0
195,15,0.8888889,0,0
195,16,0.8888889,0,0
195,17,0.8888889,0,0
195,18,0.8888889,0,0
196,6,0.1555556,3,6
196,7,0.2666667,4,9
196,8,0.3111111,6,11
196,9,0.4666667,8,9
196,10,0.6888889,4,6
196,11,0.8,4,2
196,12,0.8444445,2,0
196,13,0.8666667,0,0
196,14,0.8666667,0,0
196,15,0.8666667,0,0
196,16,0.8888889,0,0
196,17,0.8888889,0,0
196,18,0.8888889,0,0
197,6,0.1555556,3,6
197,7,0.2,4,4
197,8,0.2888889,4,8
197,9,0.3555556,6,7
197,10,0.4888889,5,6
197,11,0.5777778,5,7
197,12,0.6666667,6,5
197,13,0.8222222,3,0
197,14,0.8888889,0,0
197,15,0.8888889,0,0
197,16,0.8888889,0,0
197,17,0.8888889,0,0
197,18,0.8888889,0,0
198,6,0.1555556,3,6
198,7,0.2222222,4,11
198,8,0.3555556,6,8
198,9,0.4666667,4,6
198,10,0.5777778,5,7
198,11,0.6666667,6,6
198,12,0.6888889,6,5
198,13,0.7555556,4,4
198,14,0.8222222,4,2
198,15,0.8666667,0,0
198,16,0.8888889,0,0
198,17,0.8888889,0,0
198,18,0.8888889,0,0
199,6,0.1555556,3,6
199,7,0.2444444,4,10
199,8,0.3333333,6,11
199,9,0.4888889,5,9
199,10,0.6,7,7
199,11,0.7111111,5,3
199,12,0.8,2,2
199,13,0.8222222,2,0
199,14,0.8222222,2,0
199,15,0.8888889,0,0
199,16,0.8888889,0,0
199,17,0.8888889,0,0
199,18,0.8888889,0,0
200,6,0.1555556,3,6
200,7,0.2666667,4,9
200,8,0.3333333,6,9
200,9,0.3777778,6,10
200,10,0.5555556,9,8
200,11,0.6888889,6,6
200,12,0.8,2,0
200,13,0.8444445,0,0
200,14,0.8666667,0,0
200,15,0.8888889,0,0
200,16,0.8888889,0,0
200,17,0.8888889,0,0
200,18,0.8888889,0,0
201,6,0.1555556,3,6
201,7,0.2222222,2,5
201,8,0.2888889,4,9
201,9,0.3555556,6,9
201,10,0.5111111,8,8
201,11,0.6222222,7,9
201,12,0.7777778,5,2
201,13,0.8444445,1,0
201,14,0.8666667,0,0
201,15,0.8666667,0,0
201,16,0.8666667,0,0
201,17,0.8666667,0,0
201,18,0.8888889,0,0
202,6,0.1555556,3,6
202,7,0.2444444,5,9
202,8,0.3333333,6,12
202,9,0.4222222,8,13
202,10,0.6444445,6,6
202,11,0.8,4,0
202,12,0.8666667,0,0
202,13,0.8666667,0,0
202,14,0.8888889,0,0
202,15,0.8888889,0,0
202,16,0.8888889,0,0
202,17,0.8888889,0,0
202,18,0.8888889,0,0
203,6,0.1555556,3,6
203,7,0.2222222,5,6
203,8,0.2888889,4,7
203,9,0.3555556,6,7
203,10,0.4666667,7,8
203,11,0.5777778,4,7
203,12,0.6888889,7,5
203,13,0.8,2,0
203,14,0.8444445,1,0
203,15,0.8666667,0,0
203,16,0.8666667,0,0
203,17,0.8888889,0,0
203,18,0.8888889,0,0
204,6,0.1555556,3,6
204,7,0.2222222,5,11
204,8,0.3777778,6,13
204,9,0.5555556,5,9
204,10,0.6222222,5,8
204,11,0.7333333,7,5
204,12,0.8,2,3
204,13,0.8666667,0,0
204,14,0.8888889,0,0
204,15,0.8888889,0,0
204,16,0.8888889,0,0
204,17,0.8888889,0,0
204,18,0.8888889,0,0
205,6,0.1555556,3,6
205,7,0.2222222,5,8
205,8,0.3777778,6,10
205,9,0.5111111,8,7
205,10,0.6888889,4,6
205,11,0.7777778,2,3
205,12,0.8222222,3,0
205,13,0.8666667,0,0
205,14,0.8888889,0,0
205,15,0.8888889,0,0
205,16,0.8888889,0,0
205,17,0.8888889,0,0
205,18,0.8888889,0,0
206,6,0.1555556,3,6
206,7,0.2444444,3,5
206,8,0.3111111,4,9
206,9,0.4444444,7,11
206,10,0.6222222,11,5
206,11,0.7555556,7,0
206,12,0.8444445,1,0
206,13,0.8444445,1,0
206,14,0.8666667,0,0
206,15,0.8888889,0,0
206,16,0.8888889,0,0
206,17,0.8888889,0,0
206,18,0.8888889,0,0
207,6,0.1555556,3,6
207,7,0.2444444,5,6
207,8,0.3777778,4,10
207,9,0.4666667,6,8
207,10,0.6222222,7,7
207,11,0.7111111,6,3
207,12,0.8444445,2,0
207,13,0.8888889,0,0
207,14,0.8888889,0,0
207,15,0.8888889,0,0
207,16,0.8888889,0,0
207,17,0.8888889,0,0
207,18,0.8888889,0,0
208,6,0.1555556,3,6
208,7,0.2444444,5,9
208,8,0.4,6,7
208,9,0.5333334,4,8
208,10,0.6222222,6,9
208,11,0.7333333,9,2
208,12,0.8444445,2,0
208,13,0.8444445,2,0
208,14,0.8666667,0,0
208,15,0.8888889,0,0
208,16,0.8888889,0,0
208,17,0.8888889,0,0
208,18,0.8888889,0,0
209,6,0.1555556,3,6
209,7,0.2,3,7
209,8,0.2444444,4,10
209,9,0.3777778,6,7
209,10,0.4666667,6,7
209,11,0.6222222,5,8
209,12,0.7111111,6,6
209,13,0.8222222,3,0
209,14,0.8666667,0,0
209,15,0.8666667,0,0
209,16,0.8666667,0,0
209,17,0.8888889,0,0
209,18,0.8888889,0,0
210,6,0.1555556,3,6
210,7,0.2222222,2,4
210,8,0.2888889,4,10
210,9,0.4222222,8,9
210,10,0.5111111,10,9
210,11,0.6888889,9,6
210,12,0.8,5,0
210,13,0.8888889,0,0
210,14,0.8888889,0,0
210,15,0.8888889,0,0
210,16,0.8888889,0,0
210,17,0.8888889,0,0
210,18,0.8888889,0,0
211,6,0.1555556,3,6
211,7,0.2,3,7
211,8,0.2666667,5,8
211,9,0.4,6,9
211,10,0.5111111,6,8
211,11,0.6,4,7
211,12,0.7111111,5,3
211,13,0.8222222,4,0
211,14,0.8888889,0,0
211,15,0.8888889,0,0
211,16,0.8888889,0,0
211,17,0.8888889,0,0
211,18,0.8888889,0,0
212,6,0.1555556,3,6
212,7,0.2222222,2,5
212,8,0.3111111,5,9
212,9,0.4222222,8,7
212,10,0.5111111,4,7
212,11,0.5777778,7,9
212,12,0.7111111,7,5
212,13,0.7777778,5,3
212,14,0.8222222,4,2
212,15,0.8666667,3,0
212,16,0.8888889,0,0
212,17,0.8888889,0,0
212,18,0.8888889,0,0
213,6,0.1555556,3,6
213,7,0.2666667,4,6
213,8,0.3555556,5,9
213,9,0.4444444,7,8
213,10,0.5777778,6,6
213,11,0.6666667,4,5
213,12,0.7333333,3,5
213,13,0.8,4,3
213,14,0.8666667,0,0
213,15,0.8666667,0,0
213,16,0.8888889,0,0
213,17,0.8888889,0,0
213,18,0.8888889,0,0
214,6,0.1555556,3,6
214,7,0.2222222,4,5
214,8,0.2888889,4,8
214,9,0.3777778,4,10
214,10,0.5555556,7,8
214,11,0.6888889,6,5
214,12,0.7555556,5,2
214,13,0.8444445,3,0
214,14,0.8888889,0,0
214,15,0.8888889,0,0
214,16,0.8888889,0,0
214,17,0.8888889,0,0
214,18,0.8888889,0,0
215,6,0.1555556,3,6
215,7,0.2444444,3,5
215,8,0.2666667,4,6
215,9,0.3777778,4,9
215,10,0.5555556,7,7
215,11,0.6222222,9,6
215,12,0.7555556,6,2
215,13,0.8666667,0,0
215,14,0.8666667,0,0
215,15,0.8666667,0,0
215,16,0.8666667,0,0
215,17,0.8888889,0,0
215,18,0.8888889,0,0
216,6,0.1555556,3,6
216,7,0.2222222,4,11
216,8,0.3555556,7,10
216,9,0.4222222,7,12
216,10,0.5333334,11,9
216,11,0.6444445,7,5
216,12,0.7777778,5,3
216,13,0.8444445,3,0
216,14,0.8888889,0,0
216,15,0.8888889,0,0
216,16,0.8888889,0,0
216,17,0.8888889,0,0
216,18,0.8888889,0,0
217,6,0.1555556,3,6
217,7,0.2222222,4,5
217,8,0.2888889,4,8
217,9,0.3555556,5,9
217,10,0.4444444,6,8
217,11,0.5555556,7,7
217,12,0.7111111,5,4
217,13,0.7333333,5,3
217,14,0.7777778,5,0
217,15,0.8444445,1,0
217,16,0.8888889,0,0
217,17,0.8888889,0,0
217,18,0.8888889,0,0
218,6,0.1555556,3,6
218,7,0.2444444,4,10
218,8,0.4,7,10
218,9,0.5555556,5,9
218,10,0.6444445,6,8
218,11,0.7555556,7,4
218,12,0.8666667,0,0
218,13,0.8888889,0,0
218,14,0.8888889,0,0
218,15,0.8888889,0,0
218,16,0.8888889,0,0
218,17,0.8888889,0,0
218,18,0.8888889,0,0
219,6,0.1555556,3,6
219,7,0.2666667,3,9
219,8,0.4,6,8
219,9,0.5333334,4,7
219,10,0.6222222,3,7
219,11,0.7333333,4,4
219,12,0.8,3,0
219,13,0.8888889,0,0
219,14,0.8888889,0,0
219,15,0.8888889,0,0
219,16,0.8888889,0,0
219,17,0.8888889,0,0
219,18,0.8888889,0,0
220,6,0.1555556,3,6
220,7,0.2222222,4,5
220,8,0.2888889,4,9
220,9,0.4,5,9
220,10,0.4666667,6,8
220,11,0.5777778,3,7
220,12,0.6888889,5,7
220,13,0.8222222,3,0
220,14,0.8444445,2,0
220,15,0.8666667,0,0
220,16,0.8666667,0,0
220,17,0.8666667,0,0
220,18,0.8888889,0,0
221,6,0.1555556,3,6
221,7,0.2444444,4,10
221,8,0.3777778,4,10
221,9,0.5111111,5,7
221,10,0.6,5,7
221,11,0.7333333,5,4
221,12,0.8,3,0
221,13,0.8444445,0,0
221,14,0.8444445,0,0
221,15,0.8666667,0,0
221,16,0.8888889,0,0
221,17,0.8888889,0,0
221,18,0.8888889,0,0
222,6,0.1555556,3,6
222,7,0.2,4,4
222,8,0.3111111,4,9
222,9,0.4444444,8,11
222,10,0.6444445,10,6
222,11,0.7333333,8,0
222,12,0.8222222,2,0
222,13,0.8444445,1,0
222,14,0.8444445,1,0
222,15,0.8666667,1,0
222,16,0.8888889,0,0
222,17,0.8888889,0,0
222,18,0.8888889,0,0
223,6,0.1555556,3,6
223,7,0.2444444,5,6
223,8,0.3555556,4,9
223,9,0.4444444,6,9
223,10,0.6,8,8
223,11,0.7333333,7,5
223,12,0.8,5,1
223,13,0.8444445,1,0
223,14,0.8666667,0,0
223,15,0.8666667,0,0
223,16,0.8666667,0,0
223,17,0.8888889,0,0
223,18,0.8888889,0,0
224,6,0.1555556,3,6
224,7,0.2,5,10
224,8,0.3555556,7,10
224,9,0.5111111,7,8
224,10,0.6444445,6,8
224,11,0.7333333,6,4
224,12,0.8444445,1,0
224,13,0.8666667,0,0
224,14,0.8666667,0,0
224,15,0.8888889,0,0
224,16,0.8888889,0,0
224,17,0.8888889,0,0
224,18,0.8888889,0,0
225,6,0.1555556,3,6
225,7,0.2888889,4,8
225,8,0.4444444,6,7
225,9,0.5777778,6,7
225,10,0.6666667,7,6
225,11,0.7777778,4,4
225,12,0.8888889,0,0
225,13,0.8888889,0,0
225,14,0.8888889,0,0
225,15,0.8888889,0,0
225,16,0.8888889,0,0
225,17,0.8888889,0,0
225,18,0.8888889,0,0
226,6,0.1555556,3,6
226,7,0.2666667,3,9
226,8,0.3777778,7,8
226,9,0.4444444,6,9
226,10,0.6,7,9
226,11,0.6888889,7,8
226,12,0.7555556,5,3
226,13,0.8444445,1,0
226,14,0.8666667,0,0
226,15,0.8888889,0,0
226,16,0.8888889,0,0
226,17,0.8888889,0,0
226,18,0.8888889,0,0
227,6,0.1555556,3,6
227,7,0.2666667,3,7
227,8,0.3333333,5,11
227,9,0.4444444,5,11
227,10,0.5555556,4,10
227,11,0.6444445,7,7
227,12,0.8222222,3,0
227,13,0.8444445,2,0
227,14,0.8888889,0,0
227,15,0.8888889,0,0
227,16,0.8888889,0,0
227,17,0.8888889,0,0
227,18,0.8888889,0,0
228,6,0.1555556,3,6
228,7,0.2444444,5,9
228,8,0.3333333,6,8
228,9,0.4222222,5,9
228,10,0.5555556,7,7
228,11,0.6666667,7,5
228,12,0.7777778,6,0
228,13,0.8666667,0,0
228,14,0.8666667,0,0
228,15,0.8888889,0,0
228,16,0.8888889,0,0
228,17,0.8888889,0,0
228,18,0.8888889,0,0
229,6,0.1555556,3,6
229,7,0.2,5,5
229,8,0.2888889,4,6
229,9,0.3333333,5,8
229,10,0.4444444,5,13
229,11,0.6888889,7,3
229,12,0.7777778,3,2
229,13,0.8,3,2
229,14,0.8444445,2,0
229,15,0.8888889,0,0
229,16,0.8888889,0,0
229,17,0.8888889,0,0
229,18,0.8888889,0,0
230,6,0.1555556,3,6
230,7,0.2222222,5,11
230,8,0.4,5,11
230,9,0.6,10,8
230,10,0.7777778,5,2
230,11,0.8222222,3,0
230,12,0.8666667,1,0
230,13,0.8666667,1,0
230,14,0.8666667,1,0
230,15,0.8888889,0,0
230,16,0.8888889,0,0
230,17,0.8888889,0,0
230,18,0.8888889,0,0
231,6,0.1555556,3,6
231,7,0.1777778,4,4
231,8,0.2666667,3,9
231,9,0.4222222,6,9
231,10,0.5777778,7,7
231,11,0.6888889,6,5
231,12,0.7777778,5,0
231,13,0.8444445,1,0
231,14,0.8666667,1,0
231,15,0.8666667,1,0
231,16,0.8666667,1,0
231,17,0.8666667,1,0
231,18,0.8888889,0,0
232,6,0.1555556,3,6
232,7,0.2444444,3,5
232,8,0.3333333,4,9
232,9,0.4666667,8,8
232,10,0.5555556,10,7
232,11,0.6888889,5,4
232,12,0.8222222,2,3
232,13,0.8444445,3,0
232,14,0.8888889,0,0
232,15,0.8888889,0,0
232,16,0.8888889,0,0
232,17,0.8888889,0,0
232,18,0.8888889,0,0
233,6,0.1555556,3,6
233,7,0.2,4,4
233,8,0.2222222,2,4
233,9,0.2444444,2,8
233,10,0.3777778,5,10
233,11,0.5333334,5,7
233,12,0.6222222,6,5
233,13,0.7111111,5,3
233,14,0.7777778,3,3
233,15,0.8,3,3
233,16,0.8222222,2,3
233,17,0.8444445,3,0
233,18,0.8888889,0,0
234,6,0.1555556,3,6
234,7,0.2666667,5,8
234,8,0.3555556,8,8
234,9,0.5111111,7,6
234,10,0.6222222,5,7
234,11,0.7111111,7,6
234,12,0.8222222,5,0
234,13,0.8444445,3,0
234,14,0.8666667,0,0
234,15,0.8666667,0,0
234,16,0.8888889,0,0
234,17,0.8888889,0,0
234,18,0.8888889,0,0
235,6,0.1555556,3,6
235,7,0.2444444,5,7
235,8,0.3555556,8,9
235,9,0.5333334,8,7
235,10,0.6888889,6,5
235,11,0.7777778,4,2
235,12,0.8222222,2,0
235,13,0.8888889,0,0
235,14,0.8888889,0,0
235,15,0.8888889,0,0
235,16,0.8888889,0,0
235,17,0.8888889,0,0
235,18,0.8888889,0,0
236,6,0.1555556,3,6
236,7,0.2222222,4,11
236,8,0.3333333,6,9
236,9,0.4666667,4,7
236,10,0.5333334,7,7
236,11,0.6666667,6,6
236,12,0.7333333,6,3
236,13,0.8,3,2
236,14,0.8888889,0,0
236,15,0.8888889,0,0
236,16,0.8888889,0,0
236,17,0.8888889,0,0
236,18,0.8888889,0,0
237,6,0.1555556,3,6
237,7,0.2,4,4
237,8,0.2888889,4,9
237,9,0.4222222,5,9
237,10,0.5333334,9,10
237,11,0.6,7,8
237,12,0.7111111,7,4
237,13,0.8,6,0
237,14,0.8666667,0,0
237,15,0.8888889,0,0
237,16,0.8888889,0,0
237,17,0.8888889,0,0
237,18,0.8888889,0,0
238,6,0.1555556,3,6
238,7,0.2222222,5,5
238,8,0.3111111,3,9
238,9,0.4,4,8
238,10,0.4888889,6,8
238,11,0.6222222,7,7
238,12,0.6888889,7,5
238,13,0.7555556,5,3
238,14,0.8222222,2,0
238,15,0.8666667,0,0
238,16,0.8666667,0,0
238,17,0.8888889,0,0
238,18,0.8888889,0,0
239,6,0.1555556,3,6
239,7,0.2222222,5,11
239,8,0.3777778,6,9
239,9,0.5333334,8,11
239,10,0.6666667,9,6
239,11,0.8666667,2,0
239,12,0.8888889,0,0
239,13,0.8888889,0,0
239,14,0.8888889,0,0
239,15,0.8888889,0,0
239,16,0.8888889,0,0
239,17,0.8888889,0,0
239,18,0.8888889,0,0
240,6,0.1555556,3,6
240,7,0.2444444,4,10
240,8,0.4444444,6,9
240,9,0.5111111,5,9
240,10,0.6222222,5,6
240,11,0.6888889,5,7
240,12,0.8222222,3,2
240,13,0.8888889,0,0
240,14,0.8888889,0,0
240,15,0.8888889,0,0
240,16,0.8888889,0,0
240,17,0.8888889,0,0
240,18,0.8888889,0,0
241,6,0.1555556,3,6
241,7,0.2666667,4,9
241,8,0.3555556,6,9
241,9,0.4888889,8,9
241,10,0.6222222,5,8
241,11,0.7333333,5,3
241,12,0.8444445,2,0
241,13,0.8888889,0,0
241,14,0.8888889,0,0
241,15,0.8888889,0,0
241,16,0.8888889,0,0
241,17,0.8888889,0,0
241,18,0.8888889,0,0
242,6,0.1555556,3,6
242,7,0.2444444,5,9
242,8,0.3333333,4,9
242,9,0.4666667,6,8
242,10,0.6,4,7
242,11,0.6888889,5,6
242,12,0.7777778,5,3
242,13,0.8222222,5,0
242,14,0.8888889,0,0
242,15,0.8888889,0,0
242,16,0.8888889,0,0
242,17,0.8888889,0,0
242,18,0.8888889,0,0
243,6,0.1555556,3,6
243,7,0.2666667,5,8
243,8,0.3555556,5,9
243,9,0.4888889,7,8
243,10,0.6,9,6
243,11,0.7333333,6,2
243,12,0.8222222,3,0
243,13,0.8444445,1,0
243,14,0.8666667,0,0
243,15,0.8666667,0,0
243,16,0.8888889,0,0
243,17,0.8888889,0,0
243,18,0.8888889,0,0
244,6,0.1555556,3,6
244,7,0.2444444,5,9
244,8,0.4222222,7,7
244,9,0.5111111,3,7
244,10,0.6,4,7
244,11,0.7333333,4,3
244,12,0.8,3,2
244,13,0.8444445,2,0
244,14,0.8888889,0,0
244,15,0.8888889,0,0
244,16,0.8888889,0,0
244,17,0.8888889,0,0
244,18,0.8888889,0,0
245,6,0.1555556,3,6
245,7,0.2444444,5,9
245,8,0.3333333,5,9
245,9,0.4666667,6,9
245,10,0.6222222,9,6
245,11,0.7333333,4,3
245,12,0.8222222,3,0
245,13,0.8888889,0,0
245,14,0.8888889,0,0
245,15,0.8888889,0,0
245,16,0.8888889,0,0
245,17,0.8888889,0,0
245,18,0.8888889,0,0
246,6,0.1555556,3,6
246,7,0.1777778,4,7
246,8,0.2444444,4,11
246,9,0.4,3,8
246,10,0.5333334,5,7
246,11,0.6222222,5,7
246,12,0.7333333,7,3
246,13,0.8444445,4,1
246,14,0.8666667,0,0
246,15,0.8666667,0,0
246,16,0.8666667,0,0
246,17,0.8666667,0,0
246,18,0.8888889,0,0
247,6,0.1555556,3,6
247,7,0.2222222,5,10
247,8,0.3555556,5,7
247,9,0.4444444,7,6
247,10,0.5777778,3,9
247,11,0.7333333,4,3
247,12,0.8,2,2
247,13,0.8444445,0,0
247,14,0.8666667,0,0
247,15,0.8888889,0,0
247,16,0.8888889,0,0
247,17,0.8888889,0,0
247,18,0.8888889,0,0
248,6,0.1555556,3,6
248,7,0.2888889,4,8
248,8,0.3777778,6,9
248,9,0.4444444,5,9
248,10,0.5333334,4,8
248,11,0.6,6,6
248,12,0.7333333,4,4
248,13,0.8,3,3
248,14,0.8,3,3
248,15,0.8666667,2,0
248,16,0.8888889,0,0
248,17,0.8888889,0,0
248,18,0.8888889,0,0
249,6,0.1555556,3,6
249,7,0.2222222,4,11
249,8,0.3111111,6,10
249,9,0.4444444,6,9
249,10,0.5777778,8,8
249,11,0.6888889,8,5
249,12,0.7777778,5,2
249,13,0.8444445,1,0
249,14,0.8888889,0,0
249,15,0.8888889,0,0
249,16,0.8888889,0,0
249,17,0.8888889,0,0
249,18,0.8888889,0,0
250,6,0.1555556,3,6
250,7,0.2444444,5,9
250,8,0.3555556,7,10
250,9,0.5333334,8,9
250,10,0.6,7,7
250,11,0.7111111,6,3
250,12,0.8222222,3,0
250,13,0.8444445,0,0
250,14,0.8444445,0,0
250,15,0.8666667,0,0
250,16,0.8666667,0,0
250,17,0.8666667,0,0
250,18,0.8888889,0,0
251,6,0.1555556,3,6
251,7,0.2,3,7
251,8,0.2666667,4,11
251,9,0.2666667,4,11
251,10,0.4444444,7,8
251,11,0.6444445,6,6
251,12,0.7333333,5,4
251,13,0.7777778,4,2
251,14,0.8444445,2,0
251,15,0.8666667,0,0
251,16,0.8888889,0,0
251,17,0.8888889,0,0
251,18,0.8888889,0,0
252,6,0.1555556,3,6
252,7,0.2444444,3,5
252,8,0.2888889,4,6
252,9,0.3777778,6,9
252,10,0.4666667,7,7
252,11,0.6222222,5,7
252,12,0.6888889,4,6
252,13,0.7555556,4,3
252,14,0.7777778,3,3
252,15,0.8444445,2,0
252,16,0.8888889,0,0
252,17,0.8888889,0,0
252,18,0.8888889,0,0
253,6,0.1555556,3,6
253,7,0.2444444,5,9
253,8,0.3555556,7,10
253,9,0.5111111,6,9
253,10,0.6666667,5,8
253,11,0.7555556,4,3
253,12,0.8444445,2,0
253,13,0.8666667,0,0
253,14,0.8666667,0,0
253,15,0.8666667,0,0
253,16,0.8888889,0,0
253,17,0.8888889,0,0
253,18,0.8888889,0,0
254,6,0.1555556,3,6
254,7,0.2444444,5,9
254,8,0.3555556,7,10
254,9,0.5111111,7,9
254,10,0.6666667,9,5
254,11,0.7777778,6,2
254,12,0.8222222,4,1
254,13,0.8666667,0,0
254,14,0.8666667,0,0
254,15,0.8666667,0,0
254,16,0.8888889,0,0
254,17,0.8888889,0,0
254,18,0.8888889,0,0
255,6,0.1555556,3,6
255,7,0.2444444,5,7
255,8,0.4222222,6,10
255,9,0.4888889,7,9
255,10,0.6,6,8
255,11,0.7777778,4,2
255,12,0.8444445,2,0
255,13,0.8444445,2,0
255,14,0.8666667,2,0
255,15,0.8888889,0,0
255,16,0.8888889,0,0
255,17,0.8888889,0,0
255,18,0.8888889,0,0
256,6,0.1555556,3,6
256,7,0.2222222,5,5
256,8,0.3111111,6,9
256,9,0.4222222,5,10
256,10,0.5777778,9,6
256,11,0.6888889,5,3
256,12,0.8,3,0
256,13,0.8666667,2,0
256,14,0.8888889,0,0
256,15,0.8888889,0,0
256,16,0.8888889,0,0
256,17,0.8888889,0,0
256,18,0.8888889,0,0
257,6,0.1555556,3,6
257,7,0.2,4,4
257,8,0.2222222,4,5
257,9,0.2888889,4,10
257,10,0.4222222,6,8
257,11,0.5111111,7,9
257,12,0.6444445,5,7
257,13,0.7777778,7,2
257,14,0.8222222,3,0
257,15,0.8666667,0,0
257,16,0.8666667,0,0
257,17,0.8888889,0,0
257,18,0.8888889,0,0
258,6,0.1555556,3,6
258,7,0.2888889,4,8
258,8,0.3555556,6,10
258,9,0.4888889,8,12
258,10,0.7111111,7,5
258,11,0.8222222,4,0
258,12,0.8666667,0,0
258,13,0.8666667,0,0
258,14,0.8666667,0,0
258,15,0.8888889,0,0
258,16,0.8888889,0,0
258,17,0.8888889,0,0
258,18,0.8888889,0,0
259,6,0.1555556,3,6
259,7,0.2666667,4,6
259,8,0.3333333,5,9
259,9,0.4666667,6,7
259,10,0.5555556,9,5
259,11,0.6444445,8,5
259,12,0.7333333,5,4
259,13,0.8,3,2
259,14,0.8444445,0,0
259,15,0.8444445,0,0
259,16,0.8444445,0,0
259,17,0.8666667,0,0
259,18,0.8666667,0,0
260,6,0.1555556,3,6
260,7,0.2222222,4,11
260,8,0.3333333,6,12
260,9,0.5555556,7,10
260,10,0.7111111,8,4
260,11,0.8,3,2
260,12,0.8888889,0,0
260,13,0.8888889,0,0
260,14,0.8888889,0,0
260,15,0.8888889,0,0
260,16,0.8888889,0,0
260,17,0.8888889,0,0
260,18,0.8888889,0,0
261,6,0.1555556,3,6
261,7,0.2,5,8
261,8,0.3111111,6,7
261,9,0.4,7,9
261,10,0.5777778,6,8
261,11,0.7555556,5,3
261,12,0.8,4,2
261,13,0.8666667,0,0
261,14,0.8888889,0,0
261,15,0.8888889,0,0
261,16,0.8888889,0,0
261,17,0.8888889,0,0
261,18,0.8888889,0,0
262,6,0.1555556,3,6
262,7,0.2666667,5,8
262,8,0.4,7,9
262,9,0.5111111,5,8
262,10,0.5777778,6,7
262,11,0.7111111,6,6
262,12,0.7555556,5,4
262,13,0.8444445,1,0
262,14,0.8666667,0,0
262,15,0.8888889,0,0
262,16,0.8888889,0,0
262,17,0.8888889,0,0
262,18,0.8888889,0,0
263,6,0.1555556,3,6
263,7,0.2666667,4,9
263,8,0.4,5,6
263,9,0.4888889,6,7
263,10,0.6222222,5,6
263,11,0.7333333,5,3
263,12,0.8,6,0
263,13,0.8666667,0,0
263,14,0.8888889,0,0
263,15,0.8888889,0,0
263,16,0.8888889,0,0
263,17,0.8888889,0,0
263,18,0.8888889,0,0
264,6,0.1555556,3,6
264,7,0.2444444,5,9
264,8,0.3777778,7,8
264,9,0.5111111,6,8
264,10,0.6444445,5,6
264,11,0.7333333,6,4
264,12,0.7777778,4,2
264,13,0.8666667,0,0
264,14,0.8666667,0,0
264,15,0.8888889,0,0
264,16,0.8888889,0,0
264,17,0.8888889,0,0
264,18,0.8888889,0,0
265,6,0.1555556,3,6
265,7,0.2222222,5,6
265,8,0.2888889,4,6
265,9,0.4,6,9
265,10,0.5111111,6,9
265,11,0.6,6,7
265,12,0.7111111,5,4
265,13,0.8,3,3
265,14,0.8444445,2,0
265,15,0.8666667,0,0
265,16,0.8666667,0,0
265,17,0.8666667,0,0
265,18,0.8888889,0,0
266,6,0.1555556,3,6
266,7,0.2222222,4,5
266,8,0.2888889,5,8
266,9,0.3777778,6,11
266,10,0.5777778,8,7
266,11,0.6444445,5,7
266,12,0.7555556,6,0
266,13,0.8444445,3,0
266,14,0.8888889,0,0
266,15,0.8888889,0,0
266,16,0.8888889,0,0
266,17,0.8888889,0,0
266,18,0.8888889,0,0
267,6,0.1555556,3,6
267,7,0.2222222,5,5
267,8,0.2888889,5,5
267,9,0.3111111,5,5
267,10,0.4,6,9
267,11,0.5333334,7,7
267,12,0.6666667,5,4
267,13,0.7333333,5,1
267,14,0.8444445,1,0
267,15,0.8666667,1,0
267,16,0.8666667,1,0
267,17,0.8888889,0,0
267,18,0.8888889,0,0
268,6,0.1555556,3,6
268,7,0.2444444,3,5
268,8,0.3333333,4,9
268,9,0.4666667,7,7
268,10,0.6,7,7
268,11,0.7777778,4,4
268,12,0.8444445,0,2
268,13,0.8666667,1,0
268,14,0.8888889,0,0
268,15,0.8888889,0,0
268,16,0.8888889,0,0
268,17,0.8888889,0,0
268,18,0.8888889,0,0
269,6,0.1555556,3,6
269,7,0.2666667,4,6
269,8,0.3111111,4,8
269,9,0.4222222,5,9
269,10,0.5777778,6,10
269,11,0.7777778,6,0
269,12,0.8222222,3,0
269,13,0.8222222,3,0
269,14,0.8444445,0,0
269,15,0.8888889,0,0
269,16,0.8888889,0,0
269,17,0.8888889,0,0
269,18,0.8888889,0,0
270,6,0.1555556,3,6
270,7,0.2666667,4,6
270,8,0.3111111,4,9
270,9,0.4,7,7
270,10,0.5555556,7,7
270,11,0.6444445,8,8
270,12,0.8,4,0
270,13,0.8666667,2,0
270,14,0.8888889,0,0
270,15,0.8888889,0,0
270,16,0.8888889,0,0
270,17,0.8888889,0,0
270,18,0.8888889,0,0
271,6,0.1555556,3,6
271,7,0.2222222,5,5
271,8,0.3111111,4,8
271,9,0.4888889,7,7
271,10,0.6666667,4,7
271,11,0.7555556,6,2
271,12,0.8444445,2,0
271,13,0.8666667,0,0
271,14,0.8666667,0,0
271,15,0.8666667,0,0
271,16,0.8888889,0,0
271,17,0.8888889,0,0
271,18,0.8888889,0,0
272,6,0.1555556,3,6
272,7,0.2444444,3,10
272,8,0.4,7,8
272,9,0.5111111,6,8
272,10,0.6,6,7
272,11,0.6444445,7,7
272,12,0.7777778,5,0
272,13,0.8222222,2,0
272,14,0.8666667,0,0
272,15,0.8888889,0,0
272,16,0.8888889,0,0
272,17,0.8888889,0,0
272,18,0.8888889,0,0
273,6,0.1555556,3,6
273,7,0.2888889,4,8
273,8,0.3777778,5,9
273,9,0.4666667,6,8
273,10,0.6666667,5,8
273,11,0.8444445,3,0
273,12,0.8444445,3,0
273,13,0.8888889,0,0
273,14,0.8888889,0,0
273,15,0.8888889,0,0
273,16,0.8888889,0,0
273,17,0.8888889,0,0
273,18,0.8888889,0,0
274,6,0.1555556,3,6
274,7,0.2,3,7
274,8,0.2888889,5,9
274,9,0.4666667,6,7
274,10,0.5555556,4,8
274,11,0.6444445,5,6
274,12,0.6888889,6,5
274,13,0.7555556,5,4
274,14,0.8,4,2
274,15,0.8666667,0,0
274,16,0.8666667,0,0
274,17,0.8888889,0,0
274,18,0.8888889,0,0
275,6,0.1555556,3,6
275,7,0.2222222,4,5
275,8,0.2888889,5,9
275,9,0.4444444,6,11
275,10,0.5777778,4,8
275,11,0.7555556,3,5
275,12,0.8666667,2,0
275,13,0.8888889,0,0
275,14,0.8888889,0,0
275,15,0.8888889,0,0
275,16,0.8888889,0,0
275,17,0.8888889,0,0
275,18,0.8888889,0,0
276,6,0.1555556,3,6
276,7,0.2888889,4,8
276,8,0.3777778,6,7
276,9,0.5111111,4,7
276,10,0.6,2,7
276,11,0.6666667,4,6
276,12,0.7333333,6,4
276,13,0.8222222,2,0
276,14,0.8444445,0,0
276,15,0.8444445,0,0
276,16,0.8444445,0,0
276,17,0.8666667,0,0
276,18,0.8888889,0,0
277,6,0.1555556,3,6
277,7,0.2444444,3,8
277,8,0.3555556,6,8
277,9,0.4,4,8
277,10,0.5333334,6,7
277,11,0.5777778,6,6
277,12,0.6222222,4,7
277,13,0.7333333,4,5
277,14,0.8,6,3
277,15,0.8444445,2,0
277,16,0.8888889,0,0
277,17,0.8888889,0,0
277,18,0.8888889,0,0
278,6,0.1555556,3,6
278,7,0.2444444,3,10
278,8,0.3555556,6,12
278,9,0.5111111,7,9
278,10,0.6666667,8,3
278,11,0.8,3,2
278,12,0.8666667,0,0
278,13,0.8888889,0,0
278,14,0.8888889,0,0
278,15,0.8888889,0,0
278,16,0.8888889,0,0
278,17,0.8888889,0,0
278,18,0.8888889,0,0
279,6,0.1555556,3,6
279,7,0.2666667,5,8
279,8,0.4222222,6,9
279,9,0.6444445,5,7
279,10,0.7333333,5,4
279,11,0.8,2,2
279,12,0.8888889,0,0
279,13,0.8888889,0,0
279,14,0.8888889,0,0
279,15,0.8888889,0,0
279,16,0.8888889,0,0
279,17,0.8888889,0,0
279,18,0.8888889,0,0
280,6,0.1555556,3,6
280,7,0.2444444,5,9
280,8,0.3555556,7,8
280,9,0.4666667,4,6
280,10,0.5111111,3,6
280,11,0.6,6,7
280,12,0.6888889,5,6
280,13,0.8,6,1
280,14,0.8666667,0,0
280,15,0.8888889,0,0
280,16,0.8888889,0,0
280,17,0.8888889,0,0
280,18,0.8888889,0,0
281,6,0.1555556,3,6
281,7,0.2222222,4,9
281,8,0.3333333,7,7
281,9,0.4222222,5,8
281,10,0.5111111,3,8
281,11,0.6222222,5,7
281,12,0.6888889,5,5
281,13,0.7555556,4,4
281,14,0.7555556,4,4
281,15,0.8222222,3,0
281,16,0.8888889,0,0
281,17,0.8888889,0,0
281,18,0.8888889,0,0
282,6,0.1555556,3,6
282,7,0.2,5,12
282,8,0.3555556,8,11
282,9,0.4666667,8,11
282,10,0.6444445,12,3
282,11,0.8444445,0,0
282,12,0.8666667,0,0
282,13,0.8666667,0,0
282,14,0.8888889,0,0
282,15,0.8888889,0,0
282,16,0.8888889,0,0
282,17,0.8888889,0,0
282,18,0.8888889,0,0
283,6,0.1555556,3,6
283,7,0.2444444,5,6
283,8,0.2888889,5,8
283,9,0.3333333,5,10
283,10,0.4666667,6,9
283,11,0.5777778,7,9
283,12,0.7555556,6,3
283,13,0.8222222,2,0
283,14,0.8888889,0,0
283,15,0.8888889,0,0
283,16,0.8888889,0,0
283,17,0.8888889,0,0
283,18,0.8888889,0,0
284,6,0.1555556,3,6
284,7,0.2444444,4,10
284,8,0.3777778,7,9
284,9,0.4444444,7,8
284,10,0.6,6,8
284,11,0.7555556,4,3
284,12,0.8222222,4,0
284,13,0.8444445,3,0
284,14,0.8444445,3,0
284,15,0.8888889,0,0
284,16,0.8888889,0,0
284,17,0.8888889,0,0
284,18,0.8888889,0,0
285,6,0.1555556,3,6
285,7,0.2,3,7
285,8,0.2666667,4,10
285,9,0.4444444,5,6
285,10,0.5333334,5,6
285,11,0.6444445,5,6
285,12,0.6666667,6,5
285,13,0.7777778,4,3
285,14,0.7777778,4,3
285,15,0.8,3,2
285,16,0.8444445,0,0
285,17,0.8888889,0,0
285,18,0.8888889,0,0
286,6,0.1555556,3,6
286,7,0.2666667,4,9
286,8,0.3777778,6,6
286,9,0.4888889,6,8
286,10,0.6222222,6,8
286,11,0.7333333,7,4
286,12,0.8444445,2,0
286,13,0.8888889,0,0
286,14,0.8888889,0,0
286,15,0.8888889,0,0
286,16,0.8888889,0,0
286,17,0.8888889,0,0
286,18,0.8888889,0,0
287,6,0.1555556,3,6
287,7,0.2666667,5,8
287,8,0.3111111,6,9
287,9,0.4666667,7,10
287,10,0.5777778,10,8
287,11,0.7777778,8,0
287,12,0.8666667,3,0
287,13,0.8888889,0,0
287,14,0.8888889,0,0
287,15,0.8888889,0,0
287,16,0.8888889,0,0
287,17,0.8888889,0,0
287,18,0.8888889,0,0
288,6,0.1555556,3,6
288,7,0.2,5,12
288,8,0.3333333,7,8
288,9,0.5111111,5,6
288,10,0.5777778,6,6
288,11,0.6666667,6,6
288,12,0.7777778,4,2
288,13,0.8666667,0,0
288,14,0.8666667,0,0
288,15,0.8666667,0,0
288,16,0.8888889,0,0
288,17,0.8888889,0,0
288,18,0.8888889,0,0
289,6,0.1555556,3,6
289,7,0.2444444,4,10
289,8,0.3555556,7,9
289,9,0.4888889,7,7
289,10,0.6222222,7,8
289,11,0.7555556,6,3
289,12,0.8666667,0,0
289,13,0.8888889,0,0
289,14,0.8888889,0,0
289,15,0.8888889,0,0
289,16,0.8888889,0,0
289,17,0.8888889,0,0
289,18,0.8888889,0,0
290,6,0.1555556,3,6
290,7,0.2888889,4,8
290,8,0.3777778,6,11
290,9,0.5111111,6,8
290,10,0.6444445,7,6
290,11,0.7555556,3,3
290,12,0.8222222,3,0
290,13,0.8444445,2,0
290,14,0.8444445,2,0
290,15,0.8666667,0,0
290,16,0.8888889,0,0
290,17,0.8888889,0,0
290,18,0.8888889,0,0
291,6,0.1555556,3,6
291,7,0.2444444,3,5
291,8,0.3111111,4,8
291,9,0.3333333,4,9
291,10,0.4444444,6,6
291,11,0.5777778,4,8
291,12,0.6666667,6,5
291,13,0.7777778,4,2
291,14,0.8666667,2,0
291,15,0.8888889,0,0
291,16,0.8888889,0,0
291,17,0.8888889,0,0
291,18,0.8888889,0,0
292,6,0.1555556,3,6
292,7,0.2222222,4,11
292,8,0.3555556,8,11
292,9,0.4888889,8,8
292,10,0.6444445,6,8
292,11,0.8,2,2
292,12,0.8666667,2,0
292,13,0.8888889,0,0
292,14,0.8888889,0,0
292,15,0.8888889,0,0
292,16,0.8888889,0,0
292,17,0.8888889,0,0
292,18,0.8888889,0,0
293,6,0.1555556,3,6
293,7,0.2222222,5,8
293,8,0.3111111,8,8
293,9,0.4444444,9,10
293,10,0.6,8,8
293,11,0.7777778,4,2
293,12,0.8444445,2,0
293,13,0.8888889,0,0
293,14,0.8888889,0,0
293,15,0.8888889,0,0
293,16,0.8888889,0,0
293,17,0.8888889,0,0
293,18,0.8888889,0,0
294,6,0.1555556,3,6
294,7,0.2,4,10
294,8,0.2888889,5,10
294,9,0.4,6,8
294,10,0.5111111,6,8
294,11,0.6444445,5,5
294,12,0.7111111,5,3
294,13,0.8,3,2
294,14,0.8666667,0,0
294,15,0.8666667,0,0
294,16,0.8888889,0,0
294,17,0.8888889,0,0
294,18,0.8888889,0,0
295,6,0.1555556,3,6
295,7,0.2444444,5,9
295,8,0.4,6,10
295,9,0.5111111,5,9
295,10,0.6444445,8,6
295,11,0.8,5,0
295,12,0.8444445,2,0
295,13,0.8888889,0,0
295,14,0.8888889,0,0
295,15,0.8888889,0,0
295,16,0.8888889,0,0
295,17,0.8888889,0,0
295,18,0.8888889,0,0
296,6,0.1555556,3,6
296,7,0.1777778,4,6
296,8,0.2666667,3,7
296,9,0.3555556,6,10
296,10,0.4888889,8,11
296,11,0.6888889,7,6
296,12,0.7555556,8,0
296,13,0.8666667,1,0
296,14,0.8666667,1,0
296,15,0.8888889,0,0
296,16,0.8888889,0,0
296,17,0.8888889,0,0
296,18,0.8888889,0,0
297,6,0.1555556,3,6
297,7,0.2,4,4
297,8,0.2666667,5,9
297,9,0.3333333,5,9
297,10,0.4666667,6,8
297,11,0.5555556,6,10
297,12,0.6666667,7,7
297,13,0.7777778,4,3
297,14,0.8666667,2,0
297,15,0.8888889,0,0
297,16,0.8888889,0,0
297,17,0.8888889,0,0
297,18,0.8888889,0,0
298,6,0.1555556,3,6
298,7,0.2222222,4,8
298,8,0.3555556,7,9
298,9,0.5333334,5,8
298,10,0.6222222,5,7
298,11,0.6666667,4,6
298,12,0.7111111,4,4
298,13,0.7555556,3,3
298,14,0.8222222,3,2
298,15,0.8888889,0,0
298,16,0.8888889,0,0
298,17,0.8888889,0,0
298,18,0.8888889,0,0
299,6,0.1555556,3,6
299,7,0.2444444,5,6
299,8,0.2888889,5,7
299,9,0.3777778,5,10
299,10,0.5333334,6,7
299,11,0.6444445,7,6
299,12,0.7777778,4,3
299,13,0.8222222,2,3
299,14,0.8444445,2,2
299,15,0.8888889,0,0
299,16,0.8888889,0,0
299,17,0.8888889,0,0
299,18,0.8888889,0,0
