simulation, day, border_red_cnt, border_green_cnt
0,5,4,8
0,6,6,9
0,7,8,12
0,8,11,12
0,9,8,7
0,10,7,1
0,11,3,0
0,12,0,0
0,13,0,0
0,14,0,0
0,15,0,0
0,16,0,0
0,17,0,0
0,18,0,0
1,5,4,8
1,6,7,11
1,7,9,12
1,8,5,8
1,9,6,8
1,10,5,5
1,11,4,1
1,12,1,0
1,13,1,0
1,14,0,0
1,15,0,0
1,16,0,0
1,17,0,0
1,18,0,0
2,5,4,8
2,6,4,11
2,7,7,11
2,8,5,9
2,9,6,9
2,10,4,5
2,11,1,1
2,12,1,1
2,13,0,1
2,14,1,0
2,15,0,0
2,16,0,0
2,17,0,0
2,18,0,0
3,5,4,8
3,6,7,10
3,7,7,10
3,8,8,11
3,9,7,6
3,10,5,4
3,11,4,2
3,12,2,0
3,13,0,0
3,14,0,0
3,15,0,0
3,16,0,0
3,17,0,0
3,18,0,0
4,5,4,8
4,6,5,8
4,7,7,9
4,8,7,10
4,9,7,12
4,10,5,10
4,11,4,3
4,12,2,0
4,13,0,0
4,14,0,0
4,15,0,0
4,16,0,0
4,17,0,0
4,18,0,0
5,5,4,8
5,6,6,10
5,7,6,9
5,8,9,8
5,9,3,8
5,10,4,7
5,11,3,6
5,12,2,4
5,13,1,0
5,14,0,0
5,15,0,0
5,16,0,0
5,17,0,0
5,18,0,0
6,5,4,8
6,6,7,11
6,7,8,12
6,8,6,10
6,9,5,7
6,10,5,0
6,11,2,0
6,12,1,0
6,13,0,0
6,14,0,0
6,15,0,0
6,16,0,0
6,17,0,0
6,18,0,0
7,5,4,8
7,6,8,10
7,7,8,12
7,8,6,4
7,9,5,3
7,10,4,0
7,11,0,0
7,12,0,0
7,13,0,0
7,14,0,0
7,15,0,0
7,16,0,0
7,17,0,0
7,18,0,0
8,5,4,8
8,6,5,11
8,7,7,11
8,8,4,7
8,9,5,6
8,10,6,1
8,11,3,0
8,12,0,0
8,13,0,0
8,14,0,0
8,15,0,0
8,16,0,0
8,17,0,0
8,18,0,0
9,5,4,8
9,6,4,11
9,7,8,14
9,8,7,13
9,9,8,8
9,10,4,1
9,11,3,0
9,12,0,0
9,13,0,0
9,14,0,0
9,15,0,0
9,16,0,0
9,17,0,0
9,18,0,0
10,5,4,8
10,6,5,8
10,7,7,10
10,8,8,12
10,9,5,7
10,10,5,7
10,11,4,7
10,12,1,4
10,13,3,1
10,14,2,1
10,15,1,0
10,16,0,0
10,17,0,0
10,18,0,0
11,5,4,8
11,6,6,13
11,7,8,15
11,8,11,14
11,9,13,9
11,10,6,3
11,11,1,1
11,12,1,1
11,13,0,1
11,14,0,1
11,15,0,1
11,16,1,0
11,17,0,0
11,18,0,0
12,5,4,8
12,6,5,11
12,7,8,12
12,8,8,11
12,9,5,6
12,10,4,4
12,11,2,0
12,12,1,0
12,13,0,0
12,14,0,0
12,15,0,0
12,16,0,0
12,17,0,0
12,18,0,0
13,5,4,8
13,6,5,9
13,7,7,12
13,8,8,11
13,9,6,6
13,10,6,5
13,11,4,4
13,12,3,0
13,13,1,0
13,14,1,0
13,15,1,0
13,16,1,0
13,17,1,0
13,18,0,0
14,5,4,8
14,6,7,10
14,7,8,11
14,8,7,9
14,9,3,4
14,10,2,1
14,11,0,1
14,12,1,0
14,13,1,0
14,14,0,0
14,15,0,0
14,16,0,0
14,17,0,0
14,18,0,0
15,5,4,8
15,6,6,11
15,7,7,12
15,8,8,11
15,9,7,8
15,10,6,3
15,11,1,0
15,12,1,0
15,13,0,0
15,14,0,0
15,15,0,0
15,16,0,0
15,17,0,0
15,18,0,0
16,5,4,8
16,6,5,12
16,7,6,16
16,8,9,13
16,9,8,9
16,10,4,5
16,11,4,2
16,12,2,0
16,13,0,0
16,14,0,0
16,15,0,0
16,16,0,0
16,17,0,0
16,18,0,0
17,5,4,8
17,6,7,9
17,7,7,12
17,8,6,9
17,9,8,3
17,10,1,0
17,11,1,0
17,12,1,0
17,13,1,0
17,14,0,0
17,15,0,0
17,16,0,0
17,17,0,0
17,18,0,0
18,5,4,8
18,6,8,11
18,7,11,12
18,8,8,9
18,9,5,5
18,10,4,2
18,11,3,0
18,12,0,0
18,13,0,0
18,14,0,0
18,15,0,0
18,16,0,0
18,17,0,0
18,18,0,0
19,5,4,8
19,6,5,9
19,7,8,10
19,8,11,9
19,9,4,4
19,10,3,0
19,11,0,0
19,12,0,0
19,13,0,0
19,14,0,0
19,15,0,0
19,16,0,0
19,17,0,0
19,18,0,0
20,5,4,8
20,6,6,13
20,7,10,15
20,8,10,11
20,9,6,0
20,10,3,0
20,11,1,0
20,12,1,0
20,13,0,0
20,14,0,0
20,15,0,0
20,16,0,0
20,17,0,0
20,18,0,0
21,5,4,8
21,6,7,10
21,7,8,13
21,8,10,10
21,9,6,5
21,10,3,3
21,11,2,1
21,12,1,0
21,13,1,0
21,14,1,0
21,15,0,0
21,16,0,0
21,17,0,0
21,18,0,0
22,5,4,8
22,6,7,9
22,7,8,10
22,8,6,9
22,9,5,7
22,10,4,3
22,11,5,2
22,12,2,0
22,13,1,0
22,14,0,0
22,15,0,0
22,16,0,0
22,17,0,0
22,18,0,0
23,5,4,8
23,6,4,8
23,7,6,10
23,8,7,11
23,9,7,10
23,10,8,6
23,11,3,3
23,12,2,1
23,13,2,0
23,14,2,0
23,15,1,0
23,16,0,0
23,17,0,0
23,18,0,0
24,5,4,8
24,6,7,12
24,7,8,9
24,8,7,6
24,9,4,4
24,10,1,1
24,11,0,1
24,12,0,1
24,13,1,0
24,14,0,0
24,15,0,0
24,16,0,0
24,17,0,0
24,18,0,0
25,5,4,8
25,6,6,11
25,7,7,13
25,8,11,11
25,9,6,5
25,10,3,2
25,11,1,1
25,12,2,0
25,13,1,0
25,14,0,0
25,15,0,0
25,16,0,0
25,17,0,0
25,18,0,0
26,5,4,8
26,6,6,9
26,7,6,10
26,8,8,11
26,9,6,9
26,10,5,6
26,11,6,4
26,12,3,2
26,13,2,0
26,14,2,0
26,15,0,0
26,16,0,0
26,17,0,0
26,18,0,0
27,5,4,8
27,6,7,11
27,7,6,11
27,8,5,7
27,9,4,7
27,10,6,3
27,11,5,2
27,12,5,2
27,13,3,0
27,14,0,0
27,15,0,0
27,16,0,0
27,17,0,0
27,18,0,0
28,5,4,8
28,6,5,12
28,7,8,14
28,8,9,6
28,9,4,5
28,10,3,1
28,11,3,0
28,12,1,0
28,13,1,0
28,14,0,0
28,15,0,0
28,16,0,0
28,17,0,0
28,18,0,0
29,5,4,8
29,6,4,10
29,7,7,11
29,8,10,12
29,9,8,8
29,10,3,1
29,11,1,0
29,12,0,0
29,13,0,0
29,14,0,0
29,15,0,0
29,16,0,0
29,17,0,0
29,18,0,0
30,5,4,8
30,6,6,9
30,7,7,11
30,8,7,8
30,9,3,8
30,10,6,3
30,11,2,0
30,12,0,0
30,13,0,0
30,14,0,0
30,15,0,0
30,16,0,0
30,17,0,0
30,18,0,0
31,5,4,8
31,6,6,10
31,7,7,11
31,8,4,6
31,9,5,7
31,10,6,4
31,11,4,3
31,12,1,1
31,13,1,0
31,14,1,0
31,15,1,0
31,16,0,0
31,17,0,0
31,18,0,0
32,5,4,8
32,6,7,11
32,7,9,13
32,8,7,6
32,9,5,4
32,10,4,3
32,11,4,2
32,12,4,2
32,13,4,2
32,14,0,0
32,15,0,0
32,16,0,0
32,17,0,0
32,18,0,0
33,5,4,8
33,6,6,12
33,7,8,14
33,8,5,10
33,9,8,6
33,10,5,1
33,11,0,1
33,12,0,1
33,13,1,0
33,14,0,0
33,15,0,0
33,16,0,0
33,17,0,0
33,18,0,0
34,5,4,8
34,6,5,9
34,7,8,11
34,8,5,8
34,9,4,7
34,10,5,4
34,11,5,0
34,12,1,0
34,13,0,0
34,14,0,0
34,15,0,0
34,16,0,0
34,17,0,0
34,18,0,0
35,5,4,8
35,6,5,12
35,7,9,12
35,8,6,10
35,9,5,7
35,10,7,3
35,11,4,3
35,12,5,0
35,13,1,0
35,14,0,0
35,15,0,0
35,16,0,0
35,17,0,0
35,18,0,0
36,5,4,8
36,6,6,11
36,7,7,13
36,8,9,12
36,9,7,7
36,10,4,3
36,11,0,0
36,12,0,0
36,13,0,0
36,14,0,0
36,15,0,0
36,16,0,0
36,17,0,0
36,18,0,0
37,5,4,8
37,6,5,9
37,7,7,9
37,8,8,9
37,9,6,5
37,10,5,4
37,11,3,3
37,12,2,2
37,13,1,0
37,14,1,0
37,15,1,0
37,16,0,0
37,17,0,0
37,18,0,0
38,5,4,8
38,6,7,13
38,7,8,12
38,8,6,10
38,9,4,6
38,10,1,1
38,11,1,0
38,12,1,0
38,13,0,0
38,14,0,0
38,15,0,0
38,16,0,0
38,17,0,0
38,18,0,0
39,5,4,8
39,6,6,9
39,7,7,11
39,8,8,11
39,9,9,8
39,10,4,3
39,11,3,3
39,12,2,1
39,13,1,1
39,14,1,1
39,15,1,0
39,16,1,0
39,17,1,0
39,18,1,0
40,5,4,8
40,6,5,11
40,7,7,10
40,8,8,9
40,9,5,9
40,10,7,5
40,11,6,3
40,12,2,1
40,13,1,0
40,14,0,0
40,15,0,0
40,16,0,0
40,17,0,0
40,18,0,0
41,5,4,8
41,6,6,10
41,7,8,13
41,8,6,8
41,9,5,7
41,10,4,5
41,11,5,3
41,12,5,2
41,13,1,0
41,14,0,0
41,15,0,0
41,16,0,0
41,17,0,0
41,18,0,0
42,5,4,8
42,6,7,10
42,7,8,12
42,8,6,9
42,9,5,6
42,10,3,4
42,11,4,0
42,12,1,0
42,13,1,0
42,14,1,0
42,15,1,0
42,16,1,0
42,17,0,0
42,18,0,0
43,5,4,8
43,6,7,11
43,7,9,14
43,8,10,11
43,9,9,5
43,10,7,4
43,11,7,2
43,12,1,0
43,13,0,0
43,14,0,0
43,15,0,0
43,16,0,0
43,17,0,0
43,18,0,0
44,5,4,8
44,6,3,8
44,7,5,10
44,8,7,12
44,9,8,8
44,10,6,6
44,11,4,3
44,12,2,1
44,13,1,0
44,14,1,0
44,15,1,0
44,16,1,0
44,17,1,0
44,18,1,0
45,5,4,8
45,6,6,13
45,7,11,11
45,8,5,7
45,9,5,5
45,10,5,2
45,11,3,2
45,12,0,0
45,13,0,0
45,14,0,0
45,15,0,0
45,16,0,0
45,17,0,0
45,18,0,0
46,5,4,8
46,6,5,9
46,7,6,10
46,8,7,12
46,9,7,8
46,10,5,3
46,11,6,0
46,12,4,0
46,13,2,0
46,14,0,0
46,15,0,0
46,16,0,0
46,17,0,0
46,18,0,0
47,5,4,8
47,6,6,9
47,7,6,11
47,8,6,9
47,9,6,6
47,10,5,5
47,11,4,1
47,12,4,1
47,13,1,0
47,14,1,0
47,15,1,0
47,16,1,0
47,17,0,0
47,18,0,0
48,5,4,8
48,6,6,12
48,7,7,11
48,8,8,10
48,9,4,6
48,10,5,3
48,11,2,0
48,12,0,0
48,13,0,0
48,14,0,0
48,15,0,0
48,16,0,0
48,17,0,0
48,18,0,0
49,5,4,8
49,6,7,9
49,7,7,10
49,8,8,10
49,9,5,7
49,10,3,7
49,11,3,6
49,12,4,2
49,13,2,2
49,14,2,0
49,15,0,0
49,16,0,0
49,17,0,0
49,18,0,0
50,5,4,8
50,6,6,9
50,7,7,12
50,8,9,12
50,9,4,6
50,10,4,4
50,11,4,2
50,12,0,0
50,13,0,0
50,14,0,0
50,15,0,0
50,16,0,0
50,17,0,0
50,18,0,0
51,5,4,8
51,6,5,9
51,7,7,12
51,8,8,14
51,9,5,5
51,10,3,5
51,11,2,2
51,12,1,0
51,13,0,0
51,14,0,0
51,15,0,0
51,16,0,0
51,17,0,0
51,18,0,0
52,5,4,8
52,6,7,9
52,7,7,9
52,8,7,12
52,9,7,11
52,10,5,6
52,11,2,4
52,12,2,3
52,13,3,2
52,14,1,0
52,15,1,0
52,16,0,0
52,17,0,0
52,18,0,0
53,5,4,8
53,6,6,9
53,7,9,11
53,8,6,9
53,9,8,4
53,10,1,2
53,11,2,0
53,12,2,0
53,13,0,0
53,14,0,0
53,15,0,0
53,16,0,0
53,17,0,0
53,18,0,0
54,5,4,8
54,6,5,10
54,7,8,12
54,8,9,11
54,9,7,6
54,10,4,3
54,11,2,3
54,12,0,0
54,13,0,0
54,14,0,0
54,15,0,0
54,16,0,0
54,17,0,0
54,18,0,0
55,5,4,8
55,6,4,10
55,7,6,10
55,8,8,11
55,9,7,12
55,10,9,9
55,11,2,3
55,12,3,2
55,13,2,2
55,14,2,0
55,15,2,0
55,16,1,0
55,17,1,0
55,18,1,0
56,5,4,8
56,6,5,9
56,7,6,8
56,8,6,10
56,9,5,8
56,10,4,5
56,11,6,2
56,12,2,2
56,13,2,0
56,14,0,0
56,15,0,0
56,16,0,0
56,17,0,0
56,18,0,0
57,5,4,8
57,6,7,10
57,7,11,14
57,8,10,8
57,9,5,4
57,10,5,0
57,11,1,0
57,12,0,0
57,13,0,0
57,14,0,0
57,15,0,0
57,16,0,0
57,17,0,0
57,18,0,0
58,5,4,8
58,6,6,10
58,7,10,9
58,8,7,5
58,9,4,3
58,10,3,0
58,11,1,0
58,12,1,0
58,13,0,0
58,14,0,0
58,15,0,0
58,16,0,0
58,17,0,0
58,18,0,0
59,5,4,8
59,6,8,10
59,7,9,14
59,8,7,9
59,9,5,2
59,10,3,0
59,11,3,0
59,12,0,0
59,13,0,0
59,14,0,0
59,15,0,0
59,16,0,0
59,17,0,0
59,18,0,0
60,5,4,8
60,6,7,13
60,7,8,14
60,8,10,9
60,9,3,4
60,10,2,1
60,11,2,1
60,12,2,0
60,13,1,0
60,14,0,0
60,15,0,0
60,16,0,0
60,17,0,0
60,18,0,0
61,5,4,8
61,6,6,11
61,7,7,12
61,8,9,10
61,9,6,7
61,10,5,4
61,11,1,0
61,12,1,0
61,13,0,0
61,14,0,0
61,15,0,0
61,16,0,0
61,17,0,0
61,18,0,0
62,5,4,8
62,6,6,14
62,7,10,14
62,8,9,12
62,9,7,4
62,10,6,3
62,11,3,1
62,12,2,0
62,13,1,0
62,14,0,0
62,15,0,0
62,16,0,0
62,17,0,0
62,18,0,0
63,5,4,8
63,6,4,9
63,7,6,13
63,8,9,12
63,9,6,7
63,10,4,4
63,11,4,0
63,12,1,0
63,13,1,0
63,14,1,0
63,15,1,0
63,16,0,0
63,17,0,0
63,18,0,0
64,5,4,8
64,6,6,13
64,7,8,15
64,8,6,10
64,9,6,3
64,10,4,0
64,11,0,0
64,12,0,0
64,13,0,0
64,14,0,0
64,15,0,0
64,16,0,0
64,17,0,0
64,18,0,0
65,5,4,8
65,6,7,10
65,7,7,10
65,8,6,8
65,9,4,3
65,10,6,0
65,11,1,0
65,12,0,0
65,13,0,0
65,14,0,0
65,15,0,0
65,16,0,0
65,17,0,0
65,18,0,0
66,5,4,8
66,6,5,9
66,7,8,12
66,8,7,10
66,9,7,7
66,10,5,5
66,11,2,1
66,12,1,1
66,13,1,0
66,14,0,0
66,15,0,0
66,16,0,0
66,17,0,0
66,18,0,0
67,5,4,8
67,6,5,10
67,7,6,11
67,8,8,13
67,9,4,6
67,10,6,3
67,11,4,0
67,12,2,0
67,13,1,0
67,14,1,0
67,15,0,0
67,16,0,0
67,17,0,0
67,18,0,0
68,5,4,8
68,6,6,9
68,7,7,12
68,8,8,8
68,9,5,4
68,10,3,0
68,11,2,0
68,12,1,0
68,13,0,0
68,14,0,0
68,15,0,0
68,16,0,0
68,17,0,0
68,18,0,0
69,5,4,8
69,6,7,11
69,7,11,13
69,8,8,5
69,9,3,6
69,10,5,1
69,11,1,0
69,12,1,0
69,13,1,0
69,14,0,0
69,15,0,0
69,16,0,0
69,17,0,0
69,18,0,0
70,5,4,8
70,6,6,11
70,7,9,12
70,8,11,11
70,9,6,10
70,10,7,4
70,11,2,1
70,12,2,0
70,13,1,0
70,14,0,0
70,15,0,0
70,16,0,0
70,17,0,0
70,18,0,0
71,5,4,8
71,6,5,10
71,7,8,10
71,8,10,11
71,9,9,9
71,10,5,6
71,11,5,1
71,12,2,1
71,13,1,0
71,14,1,0
71,15,1,0
71,16,0,0
71,17,0,0
71,18,0,0
72,5,4,8
72,6,6,10
72,7,10,11
72,8,8,5
72,9,3,4
72,10,4,2
72,11,2,2
72,12,0,0
72,13,0,0
72,14,0,0
72,15,0,0
72,16,0,0
72,17,0,0
72,18,0,0
73,5,4,8
73,6,6,12
73,7,10,12
73,8,10,8
73,9,6,5
73,10,5,2
73,11,3,2
73,12,3,0
73,13,0,0
73,14,0,0
73,15,0,0
73,16,0,0
73,17,0,0
73,18,0,0
74,5,4,8
74,6,6,10
74,7,8,11
74,8,6,9
74,9,5,4
74,10,2,1
74,11,2,0
74,12,1,0
74,13,0,0
74,14,0,0
74,15,0,0
74,16,0,0
74,17,0,0
74,18,0,0
75,5,4,8
75,6,5,9
75,7,6,13
75,8,8,16
75,9,9,10
75,10,6,7
75,11,6,6
75,12,5,3
75,13,4,0
75,14,0,0
75,15,0,0
75,16,0,0
75,17,0,0
75,18,0,0
76,5,4,8
76,6,3,8
76,7,6,11
76,8,9,13
76,9,9,7
76,10,4,4
76,11,2,0
76,12,1,0
76,13,0,0
76,14,0,0
76,15,0,0
76,16,0,0
76,17,0,0
76,18,0,0
77,5,4,8
77,6,6,11
77,7,9,13
77,8,9,7
77,9,6,6
77,10,3,4
77,11,2,2
77,12,0,0
77,13,0,0
77,14,0,0
77,15,0,0
77,16,0,0
77,17,0,0
77,18,0,0
78,5,4,8
78,6,5,9
78,7,8,11
78,8,8,6
78,9,4,7
78,10,3,7
78,11,3,6
78,12,4,0
78,13,0,0
78,14,0,0
78,15,0,0
78,16,0,0
78,17,0,0
78,18,0,0
79,5,4,8
79,6,5,9
79,7,8,10
79,8,8,12
79,9,6,5
79,10,2,3
79,11,2,0
79,12,2,0
79,13,0,0
79,14,0,0
79,15,0,0
79,16,0,0
79,17,0,0
79,18,0,0
80,5,4,8
80,6,6,13
80,7,8,14
80,8,8,4
80,9,3,3
80,10,3,0
80,11,1,0
80,12,0,0
80,13,0,0
80,14,0,0
80,15,0,0
80,16,0,0
80,17,0,0
80,18,0,0
81,5,4,8
81,6,7,10
81,7,7,11
81,8,9,12
81,9,10,9
81,10,5,4
81,11,2,2
81,12,3,0
81,13,0,0
81,14,0,0
81,15,0,0
81,16,0,0
81,17,0,0
81,18,0,0
82,5,4,8
82,6,7,13
82,7,8,13
82,8,11,9
82,9,3,4
82,10,5,4
82,11,5,2
82,12,0,0
82,13,0,0
82,14,0,0
82,15,0,0
82,16,0,0
82,17,0,0
82,18,0,0
83,5,4,8
83,6,6,9
83,7,7,10
83,8,7,10
83,9,6,11
83,10,7,9
83,11,3,6
83,12,1,0
83,13,1,0
83,14,0,0
83,15,0,0
83,16,0,0
83,17,0,0
83,18,0,0
84,5,4,8
84,6,3,8
84,7,6,8
84,8,7,10
84,9,7,11
84,10,7,5
84,11,5,0
84,12,1,0
84,13,1,0
84,14,0,0
84,15,0,0
84,16,0,0
84,17,0,0
84,18,0,0
85,5,4,8
85,6,4,8
85,7,6,9
85,8,8,10
85,9,6,10
85,10,5,7
85,11,2,5
85,12,3,2
85,13,1,0
85,14,0,0
85,15,0,0
85,16,0,0
85,17,0,0
85,18,0,0
86,5,4,8
86,6,7,11
86,7,10,11
86,8,8,8
86,9,4,6
86,10,3,3
86,11,2,0
86,12,0,0
86,13,0,0
86,14,0,0
86,15,0,0
86,16,0,0
86,17,0,0
86,18,0,0
87,5,4,8
87,6,6,12
87,7,6,10
87,8,8,11
87,9,6,4
87,10,2,3
87,11,1,1
87,12,1,1
87,13,2,0
87,14,1,0
87,15,1,0
87,16,0,0
87,17,0,0
87,18,0,0
88,5,4,8
88,6,4,8
88,7,6,9
88,8,7,9
88,9,6,7
88,10,5,3
88,11,4,2
88,12,4,2
88,13,1,0
88,14,1,0
88,15,0,0
88,16,0,0
88,17,0,0
88,18,0,0
89,5,4,8
89,6,7,10
89,7,8,9
89,8,9,7
89,9,2,3
89,10,2,4
89,11,3,0
89,12,1,0
89,13,1,0
89,14,0,0
89,15,0,0
89,16,0,0
89,17,0,0
89,18,0,0
90,5,4,8
90,6,5,9
90,7,8,11
90,8,6,10
90,9,6,5
90,10,6,1
90,11,2,1
90,12,1,0
90,13,1,0
90,14,0,0
90,15,0,0
90,16,0,0
90,17,0,0
90,18,0,0
91,5,4,8
91,6,6,8
91,7,6,9
91,8,9,9
91,9,9,9
91,10,8,5
91,11,5,4
91,12,5,3
91,13,4,0
91,14,2,0
91,15,0,0
91,16,0,0
91,17,0,0
91,18,0,0
92,5,4,8
92,6,5,11
92,7,8,12
92,8,6,7
92,9,5,4
92,10,4,3
92,11,3,1
92,12,1,0
92,13,0,0
92,14,0,0
92,15,0,0
92,16,0,0
92,17,0,0
92,18,0,0
93,5,4,8
93,6,5,9
93,7,7,11
93,8,9,11
93,9,5,8
93,10,4,3
93,11,2,2
93,12,2,2
93,13,1,1
93,14,1,0
93,15,0,0
93,16,0,0
93,17,0,0
93,18,0,0
94,5,4,8
94,6,7,11
94,7,9,12
94,8,5,10
94,9,8,6
94,10,6,0
94,11,1,0
94,12,1,0
94,13,1,0
94,14,1,0
94,15,1,0
94,16,1,0
94,17,1,0
94,18,0,0
95,5,4,8
95,6,5,9
95,7,6,12
95,8,8,14
95,9,9,9
95,10,6,6
95,11,6,4
95,12,5,0
95,13,0,0
95,14,0,0
95,15,0,0
95,16,0,0
95,17,0,0
95,18,0,0
96,5,4,8
96,6,5,8
96,7,6,9
96,8,6,8
96,9,6,10
96,10,5,6
96,11,2,4
96,12,1,0
96,13,1,0
96,14,0,0
96,15,0,0
96,16,0,0
96,17,0,0
96,18,0,0
97,5,4,8
97,6,8,10
97,7,8,10
97,8,4,6
97,9,5,4
97,10,2,0
97,11,0,0
97,12,0,0
97,13,0,0
97,14,0,0
97,15,0,0
97,16,0,0
97,17,0,0
97,18,0,0
98,5,4,8
98,6,7,12
98,7,8,12
98,8,10,11
98,9,7,10
98,10,7,4
98,11,1,1
98,12,0,1
98,13,1,0
98,14,1,0
98,15,0,0
98,16,0,0
98,17,0,0
98,18,0,0
99,5,4,8
99,6,6,10
99,7,8,9
99,8,9,7
99,9,4,6
99,10,6,5
99,11,4,3
99,12,1,0
99,13,0,0
99,14,0,0
99,15,0,0
99,16,0,0
99,17,0,0
99,18,0,0
100,5,4,8
100,6,5,11
100,7,8,11
100,8,8,8
100,9,7,7
100,10,6,5
100,11,2,5
100,12,3,2
100,13,1,0
100,14,1,0
100,15,0,0
100,16,0,0
100,17,0,0
100,18,0,0
101,5,4,8
101,6,7,10
101,7,8,13
101,8,9,13
101,9,8,9
101,10,3,2
101,11,1,1
101,12,1,0
101,13,0,0
101,14,0,0
101,15,0,0
101,16,0,0
101,17,0,0
101,18,0,0
102,5,4,8
102,6,6,13
102,7,8,14
102,8,11,9
102,9,6,4
102,10,3,3
102,11,2,0
102,12,1,0
102,13,0,0
102,14,0,0
102,15,0,0
102,16,0,0
102,17,0,0
102,18,0,0
103,5,4,8
103,6,4,9
103,7,8,12
103,8,7,11
103,9,8,9
103,10,4,1
103,11,2,0
103,12,1,0
103,13,1,0
103,14,0,0
103,15,0,0
103,16,0,0
103,17,0,0
103,18,0,0
104,5,4,8
104,6,5,9
104,7,7,10
104,8,9,9
104,9,6,6
104,10,3,5
104,11,4,2
104,12,2,0
104,13,0,0
104,14,0,0
104,15,0,0
104,16,0,0
104,17,0,0
104,18,0,0
105,5,4,8
105,6,7,11
105,7,7,13
105,8,10,10
105,9,6,9
105,10,4,4
105,11,2,0
105,12,2,0
105,13,1,0
105,14,1,0
105,15,1,0
105,16,0,0
105,17,0,0
105,18,0,0
106,5,4,8
106,6,7,9
106,7,8,11
106,8,8,9
106,9,6,7
106,10,4,7
106,11,4,5
106,12,3,2
106,13,3,0
106,14,0,0
106,15,0,0
106,16,0,0
106,17,0,0
106,18,0,0
107,5,4,8
107,6,7,9
107,7,7,12
107,8,8,7
107,9,4,6
107,10,5,4
107,11,1,0
107,12,0,0
107,13,0,0
107,14,0,0
107,15,0,0
107,16,0,0
107,17,0,0
107,18,0,0
108,5,4,8
108,6,5,12
108,7,8,12
108,8,8,10
108,9,5,5
108,10,6,2
108,11,0,0
108,12,0,0
108,13,0,0
108,14,0,0
108,15,0,0
108,16,0,0
108,17,0,0
108,18,0,0
109,5,4,8
109,6,6,10
109,7,7,10
109,8,9,12
109,9,10,12
109,10,8,4
109,11,3,3
109,12,4,1
109,13,2,0
109,14,2,0
109,15,2,0
109,16,0,0
109,17,0,0
109,18,0,0
110,5,4,8
110,6,6,9
110,7,7,11
110,8,8,10
110,9,6,9
110,10,6,4
110,11,4,3
110,12,2,0
110,13,1,0
110,14,0,0
110,15,0,0
110,16,0,0
110,17,0,0
110,18,0,0
111,5,4,8
111,6,6,9
111,7,9,11
111,8,6,8
111,9,5,5
111,10,4,2
111,11,3,0
111,12,1,0
111,13,1,0
111,14,1,0
111,15,0,0
111,16,0,0
111,17,0,0
111,18,0,0
112,5,4,8
112,6,6,10
112,7,6,13
112,8,10,9
112,9,5,5
112,10,5,4
112,11,3,2
112,12,2,0
112,13,2,0
112,14,0,0
112,15,0,0
112,16,0,0
112,17,0,0
112,18,0,0
113,5,4,8
113,6,6,9
113,7,8,13
113,8,8,7
113,9,6,5
113,10,3,4
113,11,4,3
113,12,3,2
113,13,3,0
113,14,1,0
113,15,1,0
113,16,0,0
113,17,0,0
113,18,0,0
114,5,4,8
114,6,3,8
114,7,7,10
114,8,7,13
114,9,11,11
114,10,7,7
114,11,4,4
114,12,3,1
114,13,2,0
114,14,1,0
114,15,1,0
114,16,0,0
114,17,0,0
114,18,0,0
115,5,4,8
115,6,6,9
115,7,7,13
115,8,6,10
115,9,7,8
115,10,5,5
115,11,4,4
115,12,3,1
115,13,1,0
115,14,0,0
115,15,0,0
115,16,0,0
115,17,0,0
115,18,0,0
116,5,4,8
116,6,6,11
116,7,9,12
116,8,10,11
116,9,6,9
116,10,5,5
116,11,5,2
116,12,1,0
116,13,1,0
116,14,1,0
116,15,1,0
116,16,1,0
116,17,0,0
116,18,0,0
117,5,4,8
117,6,5,10
117,7,7,11
117,8,6,9
117,9,8,6
117,10,5,4
117,11,2,0
117,12,0,0
117,13,0,0
117,14,0,0
117,15,0,0
117,16,0,0
117,17,0,0
117,18,0,0
118,5,4,8
118,6,5,10
118,7,6,12
118,8,10,12
118,9,10,10
118,10,7,6
118,11,5,5
118,12,5,2
118,13,2,0
118,14,0,0
118,15,0,0
118,16,0,0
118,17,0,0
118,18,0,0
119,5,4,8
119,6,7,11
119,7,8,11
119,8,8,9
119,9,11,3
119,10,1,0
119,11,0,0
119,12,0,0
119,13,0,0
119,14,0,0
119,15,0,0
119,16,0,0
119,17,0,0
119,18,0,0
120,5,4,8
120,6,6,10
120,7,7,13
120,8,13,8
120,9,7,6
120,10,3,0
120,11,1,0
120,12,1,0
120,13,0,0
120,14,0,0
120,15,0,0
120,16,0,0
120,17,0,0
120,18,0,0
121,5,4,8
121,6,5,9
121,7,5,10
121,8,7,11
121,9,7,9
121,10,7,5
121,11,2,4
121,12,3,1
121,13,2,0
121,14,1,0
121,15,0,0
121,16,0,0
121,17,0,0
121,18,0,0
122,5,4,8
122,6,5,8
122,7,8,10
122,8,8,11
122,9,5,6
122,10,4,4
122,11,4,4
122,12,2,2
122,13,1,0
122,14,0,0
122,15,0,0
122,16,0,0
122,17,0,0
122,18,0,0
123,5,4,8
123,6,7,12
123,7,7,13
123,8,6,9
123,9,7,3
123,10,6,2
123,11,1,0
123,12,1,0
123,13,0,0
123,14,0,0
123,15,0,0
123,16,0,0
123,17,0,0
123,18,0,0
124,5,4,8
124,6,5,9
124,7,8,13
124,8,8,11
124,9,6,5
124,10,5,3
124,11,3,2
124,12,2,2
124,13,0,0
124,14,0,0
124,15,0,0
124,16,0,0
124,17,0,0
124,18,0,0
125,5,4,8
125,6,6,14
125,7,9,11
125,8,5,8
125,9,5,6
125,10,5,4
125,11,4,3
125,12,3,1
125,13,1,0
125,14,0,0
125,15,0,0
125,16,0,0
125,17,0,0
125,18,0,0
126,5,4,8
126,6,6,12
126,7,8,11
126,8,4,9
126,9,4,7
126,10,5,4
126,11,3,2
126,12,1,0
126,13,0,0
126,14,0,0
126,15,0,0
126,16,0,0
126,17,0,0
126,18,0,0
127,5,4,8
127,6,7,11
127,7,8,11
127,8,5,9
127,9,5,6
127,10,5,0
127,11,4,0
127,12,0,0
127,13,0,0
127,14,0,0
127,15,0,0
127,16,0,0
127,17,0,0
127,18,0,0
128,5,4,8
128,6,6,12
128,7,9,11
128,8,6,6
128,9,8,7
128,10,5,4
128,11,4,0
128,12,2,0
128,13,0,0
128,14,0,0
128,15,0,0
128,16,0,0
128,17,0,0
128,18,0,0
129,5,4,8
129,6,7,9
129,7,7,9
129,8,9,10
129,9,6,8
129,10,3,2
129,11,2,1
129,12,1,0
129,13,1,0
129,14,1,0
129,15,1,0
129,16,1,0
129,17,0,0
129,18,0,0
130,5,4,8
130,6,5,11
130,7,9,14
130,8,9,13
130,9,10,8
130,10,5,0
130,11,3,0
130,12,0,0
130,13,0,0
130,14,0,0
130,15,0,0
130,16,0,0
130,17,0,0
130,18,0,0
131,5,4,8
131,6,6,8
131,7,7,10
131,8,8,11
131,9,8,10
131,10,7,6
131,11,6,3
131,12,3,0
131,13,0,0
131,14,0,0
131,15,0,0
131,16,0,0
131,17,0,0
131,18,0,0
132,5,4,8
132,6,5,9
132,7,7,9
132,8,8,12
132,9,7,8
132,10,6,7
132,11,5,3
132,12,4,0
132,13,1,0
132,14,1,0
132,15,1,0
132,16,1,0
132,17,1,0
132,18,1,0
133,5,4,8
133,6,6,10
133,7,6,13
133,8,10,13
133,9,7,6
133,10,4,4
133,11,3,0
133,12,1,0
133,13,1,0
133,14,1,0
133,15,1,0
133,16,0,0
133,17,0,0
133,18,0,0
134,5,4,8
134,6,6,10
134,7,7,13
134,8,10,12
134,9,10,6
134,10,6,6
134,11,4,4
134,12,3,0
134,13,0,0
134,14,0,0
134,15,0,0
134,16,0,0
134,17,0,0
134,18,0,0
135,5,4,8
135,6,6,9
135,7,7,12
135,8,6,9
135,9,7,8
135,10,3,6
135,11,3,1
135,12,2,0
135,13,0,0
135,14,0,0
135,15,0,0
135,16,0,0
135,17,0,0
135,18,0,0
136,5,4,8
136,6,6,12
136,7,9,12
136,8,8,10
136,9,5,5
136,10,3,4
136,11,2,3
136,12,2,2
136,13,2,0
136,14,0,0
136,15,0,0
136,16,0,0
136,17,0,0
136,18,0,0
137,5,4,8
137,6,5,10
137,7,6,11
137,8,10,13
137,9,10,11
137,10,7,2
137,11,2,0
137,12,0,0
137,13,0,0
137,14,0,0
137,15,0,0
137,16,0,0
137,17,0,0
137,18,0,0
138,5,4,8
138,6,5,11
138,7,9,13
138,8,8,10
138,9,8,6
138,10,4,5
138,11,2,4
138,12,3,2
138,13,1,1
138,14,1,0
138,15,0,0
138,16,0,0
138,17,0,0
138,18,0,0
139,5,4,8
139,6,5,9
139,7,6,13
139,8,10,11
139,9,6,6
139,10,7,0
139,11,0,0
139,12,0,0
139,13,0,0
139,14,0,0
139,15,0,0
139,16,0,0
139,17,0,0
139,18,0,0
140,5,4,8
140,6,7,11
140,7,7,14
140,8,7,8
140,9,5,5
140,10,4,2
140,11,4,0
140,12,0,0
140,13,0,0
140,14,0,0
140,15,0,0
140,16,0,0
140,17,0,0
140,18,0,0
141,5,4,8
141,6,5,8
141,7,7,10
141,8,8,9
141,9,6,4
141,10,5,5
141,11,3,2
141,12,3,0
141,13,2,0
141,14,0,0
141,15,0,0
141,16,0,0
141,17,0,0
141,18,0,0
142,5,4,8
142,6,6,10
142,7,8,11
142,8,9,11
142,9,9,8
142,10,5,5
142,11,6,2
142,12,1,1
142,13,0,1
142,14,1,0
142,15,0,0
142,16,0,0
142,17,0,0
142,18,0,0
143,5,4,8
143,6,6,9
143,7,7,11
143,8,8,9
143,9,7,7
143,10,6,6
143,11,3,6
143,12,4,6
143,13,3,2
143,14,1,1
143,15,1,0
143,16,0,0
143,17,0,0
143,18,0,0
144,5,4,8
144,6,5,9
144,7,7,10
144,8,8,10
144,9,7,7
144,10,6,7
144,11,3,3
144,12,2,4
144,13,2,1
144,14,1,1
144,15,1,0
144,16,0,0
144,17,0,0
144,18,0,0
145,5,4,8
145,6,7,11
145,7,9,12
145,8,7,8
145,9,5,4
145,10,4,0
145,11,0,0
145,12,0,0
145,13,0,0
145,14,0,0
145,15,0,0
145,16,0,0
145,17,0,0
145,18,0,0
146,5,4,8
146,6,5,10
146,7,7,11
146,8,9,10
146,9,8,8
146,10,7,8
146,11,6,6
146,12,4,3
146,13,1,0
146,14,1,0
146,15,0,0
146,16,0,0
146,17,0,0
146,18,0,0
147,5,4,8
147,6,6,11
147,7,10,14
147,8,11,10
147,9,8,8
147,10,5,3
147,11,4,0
147,12,2,0
147,13,2,0
147,14,2,0
147,15,0,0
147,16,0,0
147,17,0,0
147,18,0,0
148,5,4,8
148,6,5,8
148,7,8,12
148,8,7,10
148,9,5,8
148,10,4,5
148,11,3,0
148,12,0,0
148,13,0,0
148,14,0,0
148,15,0,0
148,16,0,0
148,17,0,0
148,18,0,0
149,5,4,8
149,6,7,12
149,7,11,12
149,8,7,11
149,9,8,11
149,10,8,5
149,11,4,4
149,12,4,4
149,13,4,2
149,14,3,0
149,15,0,0
149,16,0,0
149,17,0,0
149,18,0,0
150,5,4,8
150,6,6,12
150,7,8,10
150,8,6,9
150,9,4,7
150,10,4,7
150,11,3,4
150,12,1,1
150,13,1,0
150,14,0,0
150,15,0,0
150,16,0,0
150,17,0,0
150,18,0,0
151,5,4,8
151,6,5,8
151,7,8,9
151,8,7,12
151,9,5,6
151,10,4,4
151,11,3,2
151,12,2,2
151,13,2,2
151,14,1,0
151,15,0,0
151,16,0,0
151,17,0,0
151,18,0,0
152,5,4,8
152,6,5,10
152,7,8,10
152,8,7,10
152,9,4,3
152,10,2,0
152,11,1,0
152,12,0,0
152,13,0,0
152,14,0,0
152,15,0,0
152,16,0,0
152,17,0,0
152,18,0,0
153,5,4,8
153,6,7,8
153,7,6,11
153,8,8,9
153,9,4,5
153,10,4,1
153,11,1,0
153,12,0,0
153,13,0,0
153,14,0,0
153,15,0,0
153,16,0,0
153,17,0,0
153,18,0,0
154,5,4,8
154,6,6,12
154,7,8,14
154,8,11,8
154,9,5,2
154,10,3,0
154,11,1,0
154,12,1,0
154,13,0,0
154,14,0,0
154,15,0,0
154,16,0,0
154,17,0,0
154,18,0,0
155,5,4,8
155,6,4,8
155,7,6,9
155,8,8,12
155,9,10,11
155,10,7,9
155,11,6,5
155,12,2,1
155,13,0,1
155,14,0,1
155,15,0,1
155,16,0,1
155,17,1,0
155,18,1,0
156,5,4,8
156,6,6,9
156,7,7,11
156,8,6,9
156,9,8,7
156,10,4,3
156,11,5,0
156,12,1,0
156,13,1,0
156,14,0,0
156,15,0,0
156,16,0,0
156,17,0,0
156,18,0,0
157,5,4,8
157,6,7,10
157,7,8,13
157,8,8,9
157,9,4,5
157,10,4,1
157,11,2,0
157,12,0,0
157,13,0,0
157,14,0,0
157,15,0,0
157,16,0,0
157,17,0,0
157,18,0,0
158,5,4,8
158,6,6,10
158,7,9,10
158,8,6,9
158,9,3,5
158,10,5,3
158,11,3,0
158,12,0,0
158,13,0,0
158,14,0,0
158,15,0,0
158,16,0,0
158,17,0,0
158,18,0,0
159,5,4,8
159,6,7,10
159,7,8,10
159,8,8,9
159,9,6,6
159,10,3,1
159,11,1,0
159,12,0,0
159,13,0,0
159,14,0,0
159,15,0,0
159,16,0,0
159,17,0,0
159,18,0,0
160,5,4,8
160,6,7,9
160,7,7,10
160,8,7,11
160,9,7,5
160,10,3,5
160,11,3,0
160,12,2,0
160,13,1,0
160,14,1,0
160,15,0,0
160,16,0,0
160,17,0,0
160,18,0,0
161,5,4,8
161,6,7,11
161,7,9,13
161,8,7,12
161,9,7,3
161,10,2,0
161,11,2,0
161,12,2,0
161,13,1,0
161,14,1,0
161,15,1,0
161,16,1,0
161,17,0,0
161,18,0,0
162,5,4,8
162,6,7,9
162,7,10,13
162,8,10,12
162,9,7,6
162,10,7,1
162,11,1,0
162,12,1,0
162,13,0,0
162,14,0,0
162,15,0,0
162,16,0,0
162,17,0,0
162,18,0,0
163,5,4,8
163,6,5,11
163,7,7,15
163,8,11,10
163,9,8,7
163,10,7,6
163,11,3,3
163,12,2,1
163,13,1,1
163,14,1,0
163,15,1,0
163,16,0,0
163,17,0,0
163,18,0,0
164,5,4,8
164,6,4,9
164,7,9,11
164,8,8,10
164,9,7,10
164,10,5,8
164,11,4,4
164,12,3,1
164,13,4,0
164,14,0,0
164,15,0,0
164,16,0,0
164,17,0,0
164,18,0,0
165,5,4,8
165,6,7,11
165,7,8,11
165,8,9,11
165,9,9,4
165,10,3,3
165,11,4,0
165,12,1,0
165,13,0,0
165,14,0,0
165,15,0,0
165,16,0,0
165,17,0,0
165,18,0,0
166,5,4,8
166,6,4,9
166,7,8,11
166,8,8,11
166,9,6,7
166,10,5,3
166,11,1,1
166,12,1,0
166,13,0,0
166,14,0,0
166,15,0,0
166,16,0,0
166,17,0,0
166,18,0,0
167,5,4,8
167,6,5,11
167,7,9,11
167,8,9,10
167,9,5,7
167,10,4,4
167,11,3,4
167,12,2,1
167,13,2,0
167,14,2,0
167,15,1,0
167,16,0,0
167,17,0,0
167,18,0,0
168,5,4,8
168,6,6,12
168,7,9,14
168,8,10,10
168,9,5,6
168,10,4,4
168,11,4,1
168,12,1,0
168,13,0,0
168,14,0,0
168,15,0,0
168,16,0,0
168,17,0,0
168,18,0,0
169,5,4,8
169,6,6,12
169,7,10,16
169,8,4,8
169,9,5,3
169,10,3,1
169,11,0,1
169,12,0,1
169,13,1,0
169,14,0,0
169,15,0,0
169,16,0,0
169,17,0,0
169,18,0,0
170,5,4,8
170,6,5,9
170,7,8,11
170,8,8,9
170,9,4,5
170,10,5,5
170,11,5,0
170,12,1,0
170,13,1,0
170,14,1,0
170,15,1,0
170,16,0,0
170,17,0,0
170,18,0,0
171,5,4,8
171,6,6,9
171,7,7,10
171,8,7,10
171,9,7,11
171,10,7,7
171,11,5,7
171,12,6,2
171,13,1,2
171,14,2,0
171,15,1,0
171,16,0,0
171,17,0,0
171,18,0,0
172,5,4,8
172,6,5,10
172,7,8,13
172,8,8,11
172,9,8,5
172,10,4,3
172,11,4,1
172,12,4,0
172,13,0,0
172,14,0,0
172,15,0,0
172,16,0,0
172,17,0,0
172,18,0,0
173,5,4,8
173,6,7,10
173,7,9,13
173,8,11,12
173,9,7,6
173,10,7,0
173,11,1,0
173,12,1,0
173,13,1,0
173,14,1,0
173,15,1,0
173,16,0,0
173,17,0,0
173,18,0,0
174,5,4,8
174,6,5,9
174,7,7,11
174,8,9,12
174,9,6,7
174,10,2,1
174,11,1,1
174,12,1,0
174,13,1,0
174,14,0,0
174,15,0,0
174,16,0,0
174,17,0,0
174,18,0,0
175,5,4,8
175,6,7,10
175,7,8,11
175,8,9,8
175,9,8,3
175,10,5,3
175,11,2,0
175,12,1,0
175,13,1,0
175,14,0,0
175,15,0,0
175,16,0,0
175,17,0,0
175,18,0,0
176,5,4,8
176,6,6,10
176,7,8,11
176,8,9,12
176,9,10,11
176,10,4,1
176,11,3,0
176,12,3,0
176,13,0,0
176,14,0,0
176,15,0,0
176,16,0,0
176,17,0,0
176,18,0,0
177,5,4,8
177,6,7,11
177,7,9,10
177,8,6,8
177,9,5,6
177,10,5,0
177,11,0,0
177,12,0,0
177,13,0,0
177,14,0,0
177,15,0,0
177,16,0,0
177,17,0,0
177,18,0,0
178,5,4,8
178,6,5,8
178,7,5,10
178,8,8,11
178,9,8,5
178,10,4,5
178,11,4,2
178,12,3,0
178,13,0,0
178,14,0,0
178,15,0,0
178,16,0,0
178,17,0,0
178,18,0,0
179,5,4,8
179,6,5,13
179,7,9,11
179,8,6,8
179,9,6,5
179,10,4,2
179,11,1,0
179,12,0,0
179,13,0,0
179,14,0,0
179,15,0,0
179,16,0,0
179,17,0,0
179,18,0,0
180,5,4,8
180,6,7,10
180,7,8,11
180,8,7,6
180,9,4,4
180,10,2,4
180,11,3,4
180,12,3,4
180,13,2,3
180,14,3,0
180,15,0,0
180,16,0,0
180,17,0,0
180,18,0,0
181,5,4,8
181,6,6,9
181,7,8,10
181,8,7,10
181,9,6,7
181,10,4,5
181,11,4,4
181,12,4,3
181,13,2,2
181,14,1,1
181,15,1,1
181,16,1,1
181,17,1,0
181,18,0,0
182,5,4,8
182,6,6,13
182,7,8,16
182,8,9,11
182,9,7,2
182,10,2,0
182,11,2,0
182,12,2,0
182,13,2,0
182,14,2,0
182,15,2,0
182,16,0,0
182,17,0,0
182,18,0,0
183,5,4,8
183,6,6,11
183,7,6,11
183,8,7,7
183,9,3,6
183,10,3,4
183,11,3,3
183,12,3,1
183,13,0,1
183,14,1,0
183,15,0,0
183,16,0,0
183,17,0,0
183,18,0,0
184,5,4,8
184,6,7,9
184,7,8,10
184,8,8,9
184,9,7,5
184,10,4,5
184,11,3,5
184,12,5,2
184,13,3,0
184,14,0,0
184,15,0,0
184,16,0,0
184,17,0,0
184,18,0,0
185,5,4,8
185,6,6,10
185,7,7,15
185,8,8,10
185,9,7,4
185,10,7,2
185,11,4,0
185,12,1,0
185,13,1,0
185,14,0,0
185,15,0,0
185,16,0,0
185,17,0,0
185,18,0,0
186,5,4,8
186,6,5,8
186,7,7,14
186,8,10,9
186,9,5,8
186,10,4,1
186,11,1,1
186,12,1,0
186,13,1,0
186,14,1,0
186,15,1,0
186,16,1,0
186,17,0,0
186,18,0,0
187,5,4,8
187,6,7,13
187,7,9,13
187,8,8,10
187,9,8,5
187,10,4,3
187,11,2,2
187,12,2,0
187,13,0,0
187,14,0,0
187,15,0,0
187,16,0,0
187,17,0,0
187,18,0,0
188,5,4,8
188,6,5,11
188,7,8,10
188,8,9,10
188,9,7,8
188,10,3,0
188,11,0,0
188,12,0,0
188,13,0,0
188,14,0,0
188,15,0,0
188,16,0,0
188,17,0,0
188,18,0,0
189,5,4,8
189,6,4,9
189,7,6,13
189,8,8,12
189,9,9,8
189,10,8,5
189,11,4,2
189,12,4,0
189,13,1,0
189,14,0,0
189,15,0,0
189,16,0,0
189,17,0,0
189,18,0,0
190,5,4,8
190,6,4,8
190,7,5,9
190,8,6,10
190,9,6,9
190,10,3,8
190,11,5,7
190,12,6,7
190,13,4,2
190,14,3,0
190,15,1,0
190,16,1,0
190,17,0,0
190,18,0,0
191,5,4,8
191,6,6,9
191,7,9,10
191,8,8,10
191,9,9,4
191,10,5,0
191,11,0,0
191,12,0,0
191,13,0,0
191,14,0,0
191,15,0,0
191,16,0,0
191,17,0,0
191,18,0,0
192,5,4,8
192,6,7,10
192,7,9,12
192,8,7,11
192,9,6,10
192,10,6,2
192,11,4,1
192,12,3,0
192,13,3,0
192,14,0,0
192,15,0,0
192,16,0,0
192,17,0,0
192,18,0,0
193,5,4,8
193,6,7,11
193,7,11,13
193,8,8,3
193,9,1,1
193,10,1,0
193,11,0,0
193,12,0,0
193,13,0,0
193,14,0,0
193,15,0,0
193,16,0,0
193,17,0,0
193,18,0,0
194,5,4,8
194,6,7,9
194,7,8,8
194,8,8,10
194,9,6,7
194,10,3,4
194,11,2,3
194,12,2,2
194,13,2,0
194,14,0,0
194,15,0,0
194,16,0,0
194,17,0,0
194,18,0,0
195,5,4,8
195,6,6,10
195,7,8,14
195,8,6,9
195,9,5,8
195,10,6,8
195,11,3,7
195,12,5,5
195,13,4,0
195,14,3,0
195,15,0,0
195,16,0,0
195,17,0,0
195,18,0,0
196,5,4,8
196,6,6,10
196,7,6,11
196,8,7,11
196,9,9,6
196,10,3,4
196,11,3,3
196,12,4,2
196,13,3,0
196,14,0,0
196,15,0,0
196,16,0,0
196,17,0,0
196,18,0,0
197,5,4,8
197,6,6,10
197,7,9,10
197,8,7,6
197,9,5,3
197,10,1,1
197,11,2,0
197,12,1,0
197,13,1,0
197,14,0,0
197,15,0,0
197,16,0,0
197,17,0,0
197,18,0,0
198,5,4,8
198,6,7,11
198,7,12,14
198,8,5,7
198,9,4,5
198,10,3,2
198,11,2,2
198,12,0,0
198,13,0,0
198,14,0,0
198,15,0,0
198,16,0,0
198,17,0,0
198,18,0,0
199,5,4,8
199,6,6,9
199,7,7,11
199,8,9,7
199,9,3,7
199,10,4,4
199,11,3,3
199,12,4,3
199,13,2,0
199,14,0,0
199,15,0,0
199,16,0,0
199,17,0,0
199,18,0,0
200,5,4,8
200,6,6,10
200,7,8,14
200,8,5,8
200,9,5,7
200,10,7,4
200,11,5,1
200,12,1,0
200,13,0,0
200,14,0,0
200,15,0,0
200,16,0,0
200,17,0,0
200,18,0,0
201,5,4,8
201,6,6,11
201,7,7,9
201,8,8,8
201,9,3,6
201,10,4,3
201,11,3,2
201,12,1,0
201,13,0,0
201,14,0,0
201,15,0,0
201,16,0,0
201,17,0,0
201,18,0,0
202,5,4,8
202,6,6,13
202,7,9,16
202,8,12,8
202,9,5,4
202,10,4,3
202,11,1,1
202,12,1,0
202,13,1,0
202,14,0,0
202,15,0,0
202,16,0,0
202,17,0,0
202,18,0,0
203,5,4,8
203,6,5,10
203,7,7,14
203,8,8,9
203,9,4,5
203,10,3,3
203,11,1,1
203,12,1,1
203,13,1,0
203,14,1,0
203,15,0,0
203,16,0,0
203,17,0,0
203,18,0,0
204,5,4,8
204,6,5,11
204,7,8,12
204,8,11,11
204,9,6,7
204,10,5,7
204,11,3,2
204,12,1,1
204,13,2,0
204,14,1,0
204,15,1,0
204,16,1,0
204,17,1,0
204,18,1,0
205,5,4,8
205,6,6,13
205,7,9,12
205,8,7,10
205,9,7,4
205,10,1,2
205,11,1,1
205,12,1,1
205,13,1,1
205,14,2,0
205,15,0,0
205,16,0,0
205,17,0,0
205,18,0,0
206,5,4,8
206,6,7,8
206,7,6,9
206,8,6,11
206,9,7,8
206,10,4,6
206,11,4,3
206,12,3,3
206,13,1,0
206,14,0,0
206,15,0,0
206,16,0,0
206,17,0,0
206,18,0,0
207,5,4,8
207,6,6,10
207,7,7,14
207,8,9,10
207,9,7,8
207,10,4,2
207,11,2,0
207,12,0,0
207,13,0,0
207,14,0,0
207,15,0,0
207,16,0,0
207,17,0,0
207,18,0,0
208,5,4,8
208,6,7,10
208,7,9,13
208,8,10,8
208,9,5,6
208,10,6,3
208,11,3,0
208,12,0,0
208,13,0,0
208,14,0,0
208,15,0,0
208,16,0,0
208,17,0,0
208,18,0,0
209,5,4,8
209,6,5,8
209,7,7,13
209,8,11,10
209,9,7,6
209,10,3,6
209,11,4,5
209,12,4,3
209,13,4,2
209,14,3,0
209,15,0,0
209,16,0,0
209,17,0,0
209,18,0,0
210,5,4,8
210,6,6,10
210,7,8,11
210,8,8,9
210,9,5,5
210,10,4,2
210,11,2,1
210,12,2,1
210,13,2,0
210,14,0,0
210,15,0,0
210,16,0,0
210,17,0,0
210,18,0,0
211,5,4,8
211,6,5,10
211,7,8,10
211,8,8,11
211,9,7,5
211,10,6,3
211,11,5,2
211,12,1,0
211,13,0,0
211,14,0,0
211,15,0,0
211,16,0,0
211,17,0,0
211,18,0,0
212,5,4,8
212,6,5,9
212,7,6,11
212,8,9,13
212,9,11,11
212,10,5,5
212,11,2,1
212,12,1,0
212,13,1,0
212,14,0,0
212,15,0,0
212,16,0,0
212,17,0,0
212,18,0,0
213,5,4,8
213,6,6,11
213,7,8,11
213,8,7,10
213,9,6,4
213,10,5,4
213,11,5,1
213,12,1,0
213,13,1,0
213,14,0,0
213,15,0,0
213,16,0,0
213,17,0,0
213,18,0,0
214,5,4,8
214,6,7,8
214,7,6,10
214,8,7,11
214,9,6,7
214,10,3,5
214,11,2,5
214,12,3,1
214,13,4,0
214,14,1,0
214,15,1,0
214,16,0,0
214,17,0,0
214,18,0,0
215,5,4,8
215,6,7,11
215,7,7,11
215,8,7,8
215,9,2,4
215,10,1,0
215,11,1,0
215,12,0,0
215,13,0,0
215,14,0,0
215,15,0,0
215,16,0,0
215,17,0,0
215,18,0,0
216,5,4,8
216,6,4,9
216,7,6,13
216,8,8,14
216,9,6,9
216,10,8,5
216,11,3,3
216,12,3,1
216,13,0,1
216,14,0,1
216,15,0,1
216,16,1,0
216,17,1,0
216,18,0,0
217,5,4,8
217,6,5,11
217,7,8,12
217,8,11,11
217,9,6,6
217,10,6,0
217,11,3,0
217,12,1,0
217,13,0,0
217,14,0,0
217,15,0,0
217,16,0,0
217,17,0,0
217,18,0,0
218,5,4,8
218,6,7,10
218,7,7,10
218,8,7,11
218,9,7,6
218,10,3,3
218,11,1,0
218,12,1,0
218,13,0,0
218,14,0,0
218,15,0,0
218,16,0,0
218,17,0,0
218,18,0,0
219,5,4,8
219,6,7,11
219,7,7,13
219,8,9,7
219,9,3,3
219,10,2,3
219,11,2,0
219,12,0,0
219,13,0,0
219,14,0,0
219,15,0,0
219,16,0,0
219,17,0,0
219,18,0,0
220,5,4,8
220,6,5,9
220,7,8,11
220,8,8,12
220,9,8,9
220,10,6,3
220,11,4,1
220,12,2,0
220,13,1,0
220,14,0,0
220,15,0,0
220,16,0,0
220,17,0,0
220,18,0,0
221,5,4,8
221,6,6,10
221,7,8,10
221,8,6,10
221,9,8,8
221,10,5,1
221,11,1,1
221,12,1,0
221,13,1,0
221,14,0,0
221,15,0,0
221,16,0,0
221,17,0,0
221,18,0,0
222,5,4,8
222,6,5,10
222,7,6,10
222,8,6,13
222,9,9,8
222,10,6,4
222,11,1,1
222,12,1,1
222,13,0,1
222,14,1,0
222,15,0,0
222,16,0,0
222,17,0,0
222,18,0,0
223,5,4,8
223,6,4,11
223,7,6,11
223,8,3,8
223,9,5,10
223,10,8,4
223,11,6,3
223,12,3,3
223,13,4,2
223,14,3,2
223,15,2,0
223,16,0,0
223,17,0,0
223,18,0,0
224,5,4,8
224,6,6,12
224,7,9,13
224,8,8,5
224,9,2,3
224,10,1,0
224,11,0,0
224,12,0,0
224,13,0,0
224,14,0,0
224,15,0,0
224,16,0,0
224,17,0,0
224,18,0,0
225,5,4,8
225,6,7,11
225,7,9,10
225,8,6,7
225,9,4,6
225,10,5,3
225,11,3,0
225,12,0,0
225,13,0,0
225,14,0,0
225,15,0,0
225,16,0,0
225,17,0,0
225,18,0,0
226,5,4,8
226,6,6,10
226,7,7,13
226,8,8,10
226,9,6,6
226,10,3,5
226,11,2,5
226,12,2,4
226,13,2,3
226,14,1,2
226,15,1,1
226,16,2,0
226,17,2,0
226,18,2,0
227,5,4,8
227,6,6,10
227,7,8,12
227,8,9,11
227,9,3,6
227,10,5,3
227,11,1,0
227,12,1,0
227,13,0,0
227,14,0,0
227,15,0,0
227,16,0,0
227,17,0,0
227,18,0,0
228,5,4,8
228,6,6,9
228,7,7,10
228,8,6,11
228,9,6,9
228,10,3,7
228,11,5,4
228,12,5,2
228,13,1,0
228,14,0,0
228,15,0,0
228,16,0,0
228,17,0,0
228,18,0,0
229,5,4,8
229,6,5,9
229,7,7,10
229,8,7,9
229,9,6,10
229,10,6,4
229,11,1,1
229,12,1,1
229,13,1,0
229,14,0,0
229,15,0,0
229,16,0,0
229,17,0,0
229,18,0,0
230,5,4,8
230,6,6,10
230,7,8,13
230,8,5,10
230,9,4,4
230,10,2,1
230,11,0,1
230,12,1,0
230,13,0,0
230,14,0,0
230,15,0,0
230,16,0,0
230,17,0,0
230,18,0,0
231,5,4,8
231,6,6,9
231,7,9,11
231,8,10,12
231,9,8,5
231,10,5,0
231,11,1,0
231,12,1,0
231,13,1,0
231,14,1,0
231,15,1,0
231,16,1,0
231,17,1,0
231,18,0,0
232,5,4,8
232,6,6,10
232,7,10,9
232,8,7,6
232,9,5,2
232,10,3,0
232,11,0,0
232,12,0,0
232,13,0,0
232,14,0,0
232,15,0,0
232,16,0,0
232,17,0,0
232,18,0,0
233,5,4,8
233,6,7,12
233,7,10,11
233,8,6,7
233,9,5,4
233,10,2,4
233,11,2,2
233,12,0,0
233,13,0,0
233,14,0,0
233,15,0,0
233,16,0,0
233,17,0,0
233,18,0,0
234,5,4,8
234,6,6,10
234,7,9,11
234,8,12,8
234,9,4,3
234,10,3,2
234,11,1,1
234,12,1,1
234,13,0,1
234,14,1,0
234,15,1,0
234,16,0,0
234,17,0,0
234,18,0,0
235,5,4,8
235,6,4,9
235,7,8,12
235,8,8,10
235,9,8,10
235,10,8,5
235,11,2,0
235,12,1,0
235,13,1,0
235,14,1,0
235,15,1,0
235,16,0,0
235,17,0,0
235,18,0,0
236,5,4,8
236,6,5,8
236,7,7,9
236,8,9,11
236,9,8,9
236,10,4,5
236,11,4,5
236,12,3,0
236,13,0,0
236,14,0,0
236,15,0,0
236,16,0,0
236,17,0,0
236,18,0,0
237,5,4,8
237,6,6,12
237,7,10,12
237,8,8,7
237,9,4,4
237,10,4,4
237,11,3,1
237,12,0,1
237,13,0,1
237,14,0,1
237,15,1,0
237,16,0,0
237,17,0,0
237,18,0,0
238,5,4,8
238,6,6,11
238,7,9,9
238,8,9,5
238,9,3,3
238,10,2,2
238,11,1,0
238,12,1,0
238,13,1,0
238,14,0,0
238,15,0,0
238,16,0,0
238,17,0,0
238,18,0,0
239,5,4,8
239,6,7,11
239,7,8,14
239,8,9,10
239,9,5,5
239,10,4,0
239,11,1,0
239,12,1,0
239,13,0,0
239,14,0,0
239,15,0,0
239,16,0,0
239,17,0,0
239,18,0,0
240,5,4,8
240,6,5,8
240,7,7,10
240,8,9,10
240,9,9,11
240,10,7,9
240,11,3,4
240,12,3,2
240,13,1,1
240,14,1,0
240,15,1,0
240,16,0,0
240,17,0,0
240,18,0,0
241,5,4,8
241,6,5,9
241,7,7,11
241,8,8,12
241,9,3,7
241,10,3,5
241,11,3,0
241,12,1,0
241,13,1,0
241,14,0,0
241,15,0,0
241,16,0,0
241,17,0,0
241,18,0,0
242,5,4,8
242,6,6,10
242,7,9,11
242,8,8,9
242,9,5,8
242,10,4,5
242,11,4,3
242,12,3,1
242,13,2,0
242,14,2,0
242,15,2,0
242,16,1,0
242,17,1,0
242,18,0,0
243,5,4,8
243,6,5,9
243,7,8,10
243,8,10,12
243,9,10,10
243,10,5,5
243,11,6,4
243,12,3,3
243,13,3,0
243,14,2,0
243,15,0,0
243,16,0,0
243,17,0,0
243,18,0,0
244,5,4,8
244,6,6,11
244,7,7,12
244,8,5,8
244,9,5,7
244,10,5,5
244,11,3,1
244,12,0,1
244,13,1,0
244,14,0,0
244,15,0,0
244,16,0,0
244,17,0,0
244,18,0,0
245,5,4,8
245,6,6,9
245,7,7,11
245,8,7,9
245,9,5,7
245,10,6,1
245,11,0,1
245,12,0,1
245,13,0,1
245,14,1,0
245,15,0,0
245,16,0,0
245,17,0,0
245,18,0,0
246,5,4,8
246,6,7,10
246,7,10,12
246,8,8,7
246,9,7,6
246,10,3,2
246,11,1,1
246,12,2,0
246,13,1,0
246,14,0,0
246,15,0,0
246,16,0,0
246,17,0,0
246,18,0,0
247,5,4,8
247,6,5,9
247,7,8,13
247,8,9,14
247,9,6,9
247,10,5,5
247,11,2,0
247,12,1,0
247,13,1,0
247,14,0,0
247,15,0,0
247,16,0,0
247,17,0,0
247,18,0,0
248,5,4,8
248,6,6,9
248,7,7,9
248,8,8,10
248,9,9,9
248,10,4,5
248,11,3,1
248,12,1,1
248,13,1,1
248,14,2,0
248,15,2,0
248,16,0,0
248,17,0,0
248,18,0,0
249,5,4,8
249,6,4,8
249,7,7,9
249,8,7,13
249,9,5,8
249,10,3,3
249,11,1,1
249,12,0,1
249,13,1,0
249,14,1,0
249,15,0,0
249,16,0,0
249,17,0,0
249,18,0,0
250,5,4,8
250,6,7,10
250,7,9,10
250,8,8,10
250,9,9,7
250,10,4,3
250,11,1,1
250,12,1,0
250,13,1,0
250,14,0,0
250,15,0,0
250,16,0,0
250,17,0,0
250,18,0,0
251,5,4,8
251,6,6,10
251,7,7,14
251,8,11,10
251,9,6,8
251,10,5,6
251,11,4,3
251,12,1,0
251,13,0,0
251,14,0,0
251,15,0,0
251,16,0,0
251,17,0,0
251,18,0,0
252,5,4,8
252,6,6,9
252,7,7,10
252,8,9,11
252,9,7,7
252,10,4,4
252,11,3,2
252,12,1,1
252,13,1,0
252,14,1,0
252,15,1,0
252,16,1,0
252,17,1,0
252,18,1,0
253,5,4,8
253,6,6,9
253,7,9,12
253,8,8,11
253,9,7,10
253,10,5,2
253,11,3,0
253,12,3,0
253,13,1,0
253,14,1,0
253,15,1,0
253,16,1,0
253,17,0,0
253,18,0,0
254,5,4,8
254,6,6,11
254,7,8,10
254,8,4,8
254,9,5,3
254,10,3,2
254,11,2,0
254,12,1,0
254,13,1,0
254,14,0,0
254,15,0,0
254,16,0,0
254,17,0,0
254,18,0,0
255,5,4,8
255,6,5,12
255,7,8,10
255,8,5,9
255,9,6,7
255,10,5,5
255,11,1,0
255,12,0,0
255,13,0,0
255,14,0,0
255,15,0,0
255,16,0,0
255,17,0,0
255,18,0,0
256,5,4,8
256,6,6,11
256,7,7,12
256,8,8,6
256,9,3,4
256,10,1,2
256,11,2,0
256,12,1,0
256,13,1,0
256,14,0,0
256,15,0,0
256,16,0,0
256,17,0,0
256,18,0,0
257,5,4,8
257,6,5,8
257,7,7,13
257,8,9,11
257,9,5,5
257,10,3,5
257,11,3,3
257,12,2,0
257,13,2,0
257,14,0,0
257,15,0,0
257,16,0,0
257,17,0,0
257,18,0,0
258,5,4,8
258,6,6,11
258,7,9,10
258,8,7,7
258,9,4,3
258,10,0,1
258,11,1,0
258,12,1,0
258,13,1,0
258,14,0,0
258,15,0,0
258,16,0,0
258,17,0,0
258,18,0,0
259,5,4,8
259,6,7,11
259,7,8,8
259,8,3,8
259,9,5,4
259,10,4,3
259,11,2,0
259,12,1,0
259,13,1,0
259,14,1,0
259,15,1,0
259,16,1,0
259,17,0,0
259,18,0,0
260,5,4,8
260,6,7,10
260,7,9,10
260,8,10,10
260,9,5,4
260,10,4,1
260,11,1,1
260,12,1,0
260,13,1,0
260,14,0,0
260,15,0,0
260,16,0,0
260,17,0,0
260,18,0,0
261,5,4,8
261,6,6,9
261,7,7,13
261,8,9,11
261,9,9,9
261,10,5,6
261,11,2,3
261,12,3,0
261,13,0,0
261,14,0,0
261,15,0,0
261,16,0,0
261,17,0,0
261,18,0,0
262,5,4,8
262,6,6,11
262,7,7,12
262,8,7,7
262,9,7,3
262,10,6,2
262,11,2,0
262,12,0,0
262,13,0,0
262,14,0,0
262,15,0,0
262,16,0,0
262,17,0,0
262,18,0,0
263,5,4,8
263,6,3,8
263,7,6,10
263,8,8,12
263,9,8,11
263,10,6,7
263,11,7,2
263,12,1,0
263,13,0,0
263,14,0,0
263,15,0,0
263,16,0,0
263,17,0,0
263,18,0,0
264,5,4,8
264,6,5,9
264,7,9,9
264,8,9,7
264,9,6,4
264,10,5,0
264,11,3,0
264,12,1,0
264,13,0,0
264,14,0,0
264,15,0,0
264,16,0,0
264,17,0,0
264,18,0,0
265,5,4,8
265,6,6,13
265,7,8,12
265,8,7,7
265,9,4,5
265,10,2,4
265,11,3,1
265,12,1,0
265,13,1,0
265,14,1,0
265,15,0,0
265,16,0,0
265,17,0,0
265,18,0,0
266,5,4,8
266,6,5,9
266,7,8,11
266,8,12,11
266,9,6,8
266,10,6,6
266,11,3,0
266,12,2,0
266,13,0,0
266,14,0,0
266,15,0,0
266,16,0,0
266,17,0,0
266,18,0,0
267,5,4,8
267,6,5,9
267,7,7,10
267,8,6,6
267,9,4,7
267,10,5,3
267,11,4,2
267,12,1,0
267,13,1,0
267,14,1,0
267,15,0,0
267,16,0,0
267,17,0,0
267,18,0,0
268,5,4,8
268,6,5,11
268,7,8,12
268,8,8,11
268,9,7,7
268,10,4,3
268,11,2,3
268,12,1,0
268,13,0,0
268,14,0,0
268,15,0,0
268,16,0,0
268,17,0,0
268,18,0,0
269,5,4,8
269,6,5,9
269,7,8,11
269,8,9,13
269,9,9,9
269,10,1,4
269,11,3,0
269,12,2,0
269,13,0,0
269,14,0,0
269,15,0,0
269,16,0,0
269,17,0,0
269,18,0,0
270,5,4,8
270,6,6,9
270,7,7,10
270,8,7,10
270,9,5,8
270,10,6,5
270,11,2,0
270,12,0,0
270,13,0,0
270,14,0,0
270,15,0,0
270,16,0,0
270,17,0,0
270,18,0,0
271,5,4,8
271,6,6,10
271,7,7,8
271,8,8,10
271,9,5,8
271,10,5,5
271,11,2,0
271,12,0,0
271,13,0,0
271,14,0,0
271,15,0,0
271,16,0,0
271,17,0,0
271,18,0,0
272,5,4,8
272,6,6,9
272,7,7,9
272,8,8,12
272,9,5,9
272,10,6,5
272,11,3,6
272,12,3,3
272,13,3,1
272,14,4,0
272,15,1,0
272,16,1,0
272,17,0,0
272,18,0,0
273,5,4,8
273,6,6,13
273,7,9,16
273,8,12,11
273,9,4,6
273,10,3,2
273,11,1,1
273,12,1,1
273,13,1,0
273,14,1,0
273,15,0,0
273,16,0,0
273,17,0,0
273,18,0,0
274,5,4,8
274,6,6,10
274,7,9,10
274,8,4,9
274,9,7,7
274,10,7,4
274,11,4,0
274,12,1,0
274,13,0,0
274,14,0,0
274,15,0,0
274,16,0,0
274,17,0,0
274,18,0,0
275,5,4,8
275,6,6,9
275,7,7,11
275,8,10,10
275,9,5,6
275,10,4,2
275,11,2,0
275,12,1,0
275,13,1,0
275,14,1,0
275,15,1,0
275,16,0,0
275,17,0,0
275,18,0,0
276,5,4,8
276,6,6,12
276,7,10,12
276,8,6,8
276,9,5,5
276,10,3,2
276,11,2,0
276,12,2,0
276,13,1,0
276,14,1,0
276,15,1,0
276,16,0,0
276,17,0,0
276,18,0,0
277,5,4,8
277,6,6,12
277,7,7,11
277,8,5,7
277,9,4,7
277,10,6,2
277,11,4,0
277,12,0,0
277,13,0,0
277,14,0,0
277,15,0,0
277,16,0,0
277,17,0,0
277,18,0,0
278,5,4,8
278,6,5,13
278,7,9,11
278,8,8,9
278,9,7,5
278,10,4,1
278,11,3,1
278,12,3,1
278,13,0,1
278,14,0,1
278,15,1,0
278,16,1,0
278,17,0,0
278,18,0,0
279,5,4,8
279,6,6,12
279,7,11,11
279,8,8,4
279,9,6,3
279,10,3,2
279,11,2,2
279,12,2,0
279,13,0,0
279,14,0,0
279,15,0,0
279,16,0,0
279,17,0,0
279,18,0,0
280,5,4,8
280,6,4,9
280,7,7,10
280,8,8,13
280,9,6,7
280,10,5,6
280,11,4,2
280,12,3,0
280,13,2,0
280,14,2,0
280,15,0,0
280,16,0,0
280,17,0,0
280,18,0,0
281,5,4,8
281,6,5,13
281,7,9,10
281,8,6,9
281,9,8,12
281,10,6,4
281,11,2,1
281,12,2,0
281,13,1,0
281,14,0,0
281,15,0,0
281,16,0,0
281,17,0,0
281,18,0,0
282,5,4,8
282,6,6,8
282,7,6,11
282,8,4,7
282,9,4,6
282,10,4,6
282,11,4,3
282,12,1,0
282,13,0,0
282,14,0,0
282,15,0,0
282,16,0,0
282,17,0,0
282,18,0,0
283,5,4,8
283,6,5,11
283,7,9,9
283,8,6,9
283,9,7,7
283,10,5,2
283,11,2,0
283,12,1,0
283,13,0,0
283,14,0,0
283,15,0,0
283,16,0,0
283,17,0,0
283,18,0,0
284,5,4,8
284,6,7,10
284,7,7,11
284,8,6,12
284,9,3,4
284,10,3,1
284,11,1,0
284,12,0,0
284,13,0,0
284,14,0,0
284,15,0,0
284,16,0,0
284,17,0,0
284,18,0,0
285,5,4,8
285,6,7,14
285,7,8,14
285,8,10,6
285,9,5,4
285,10,4,4
285,11,4,2
285,12,3,0
285,13,3,0
285,14,0,0
285,15,0,0
285,16,0,0
285,17,0,0
285,18,0,0
286,5,4,8
286,6,5,9
286,7,8,12
286,8,8,8
286,9,5,2
286,10,2,0
286,11,2,0
286,12,1,0
286,13,1,0
286,14,1,0
286,15,1,0
286,16,1,0
286,17,1,0
286,18,1,0
287,5,4,8
287,6,6,8
287,7,7,10
287,8,7,9
287,9,5,6
287,10,3,2
287,11,2,0
287,12,0,0
287,13,0,0
287,14,0,0
287,15,0,0
287,16,0,0
287,17,0,0
287,18,0,0
288,5,4,8
288,6,4,8
288,7,7,10
288,8,7,12
288,9,8,6
288,10,4,3
288,11,1,1
288,12,1,0
288,13,1,0
288,14,1,0
288,15,1,0
288,16,0,0
288,17,0,0
288,18,0,0
289,5,4,8
289,6,6,12
289,7,10,14
289,8,10,5
289,9,3,5
289,10,4,4
289,11,3,2
289,12,2,2
289,13,2,0
289,14,0,0
289,15,0,0
289,16,0,0
289,17,0,0
289,18,0,0
290,5,4,8
290,6,6,8
290,7,6,11
290,8,3,7
290,9,5,5
290,10,4,4
290,11,4,0
290,12,0,0
290,13,0,0
290,14,0,0
290,15,0,0
290,16,0,0
290,17,0,0
290,18,0,0
291,5,4,8
291,6,6,9
291,7,6,11
291,8,6,9
291,9,4,7
291,10,4,6
291,11,4,2
291,12,4,2
291,13,3,0
291,14,0,0
291,15,0,0
291,16,0,0
291,17,0,0
291,18,0,0
292,5,4,8
292,6,5,10
292,7,7,11
292,8,7,8
292,9,4,8
292,10,5,3
292,11,1,0
292,12,0,0
292,13,0,0
292,14,0,0
292,15,0,0
292,16,0,0
292,17,0,0
292,18,0,0
293,5,4,8
293,6,6,10
293,7,9,11
293,8,5,7
293,9,6,4
293,10,5,3
293,11,3,0
293,12,0,0
293,13,0,0
293,14,0,0
293,15,0,0
293,16,0,0
293,17,0,0
293,18,0,0
294,5,4,8
294,6,7,10
294,7,10,12
294,8,9,8
294,9,3,5
294,10,2,0
294,11,2,0
294,12,0,0
294,13,0,0
294,14,0,0
294,15,0,0
294,16,0,0
294,17,0,0
294,18,0,0
295,5,4,8
295,6,5,9
295,7,8,11
295,8,8,7
295,9,4,7
295,10,4,1
295,11,2,0
295,12,1,0
295,13,0,0
295,14,0,0
295,15,0,0
295,16,0,0
295,17,0,0
295,18,0,0
296,5,4,8
296,6,5,11
296,7,9,10
296,8,5,8
296,9,4,6
296,10,5,5
296,11,2,4
296,12,1,0
296,13,0,0
296,14,0,0
296,15,0,0
296,16,0,0
296,17,0,0
296,18,0,0
297,5,4,8
297,6,7,9
297,7,7,14
297,8,10,9
297,9,4,7
297,10,4,5
297,11,2,4
297,12,3,1
297,13,1,0
297,14,0,0
297,15,0,0
297,16,0,0
297,17,0,0
297,18,0,0
298,5,4,8
298,6,5,9
298,7,6,9
298,8,8,10
298,9,9,11
298,10,5,5
298,11,1,2
298,12,1,1
298,13,1,0
298,14,0,0
298,15,0,0
298,16,0,0
298,17,0,0
298,18,0,0
299,5,4,8
299,6,7,10
299,7,8,9
299,8,6,10
299,9,5,5
299,10,4,3
299,11,2,0
299,12,2,0
299,13,0,0
299,14,0,0
299,15,0,0
299,16,0,0
299,17,0,0
299,18,0,0
