network, simulation, day, sickPercentage, border_red_cnt, border_green_cnt,edgeCnt, firstSickNeighbourCnt, maxNeighbourCnt,midNeighbourCnt,quaterHighNeighbourCnt,averageNeighbourCnt 
0,0,1,0.02222222,1,3,75,3,10,3,4,3.333333
0,0,2,0.06666667,3,7,75,3,10,3,4,3.333333
0,0,3,0.1555556,5,10,75,3,10,3,4,3.333333
0,0,4,0.3333333,7,11,75,3,10,3,4,3.333333
0,0,5,0.4888889,7,13,75,3,10,3,4,3.333333
0,0,6,0.7333333,6,6,75,3,10,3,4,3.333333
0,0,7,0.8888889,1,4,75,3,10,3,4,3.333333
0,0,8,0.9333333,2,2,75,3,10,3,4,3.333333
0,0,9,0.9555556,1,2,75,3,10,3,4,3.333333
0,0,10,1,0,0,75,3,10,3,4,3.333333
0,0,11,1,0,0,75,3,10,3,4,3.333333
0,0,12,1,0,0,75,3,10,3,4,3.333333
0,0,13,1,0,0,75,3,10,3,4,3.333333
0,0,14,1,0,0,75,3,10,3,4,3.333333
0,0,15,1,0,0,75,3,10,3,4,3.333333
0,0,16,1,0,0,75,3,10,3,4,3.333333
0,0,17,1,0,0,75,3,10,3,4,3.333333
0,0,18,1,0,0,75,3,10,3,4,3.333333
0,0,19,1,0,0,75,3,10,3,4,3.333333
0,1,1,0.02222222,1,3,75,3,10,3,4,3.333333
0,1,2,0.06666667,3,4,75,3,10,3,4,3.333333
0,1,3,0.1111111,4,8,75,3,10,3,4,3.333333
0,1,4,0.2444444,6,12,75,3,10,3,4,3.333333
0,1,5,0.3555556,8,16,75,3,10,3,4,3.333333
0,1,6,0.5555556,12,14,75,3,10,3,4,3.333333
0,1,7,0.8222222,6,3,75,3,10,3,4,3.333333
0,1,8,0.9555556,1,1,75,3,10,3,4,3.333333
0,1,9,0.9777778,1,0,75,3,10,3,4,3.333333
0,1,10,0.9777778,1,0,75,3,10,3,4,3.333333
0,1,11,1,0,0,75,3,10,3,4,3.333333
0,1,12,1,0,0,75,3,10,3,4,3.333333
0,1,13,1,0,0,75,3,10,3,4,3.333333
0,1,14,1,0,0,75,3,10,3,4,3.333333
0,1,15,1,0,0,75,3,10,3,4,3.333333
0,1,16,1,0,0,75,3,10,3,4,3.333333
0,1,17,1,0,0,75,3,10,3,4,3.333333
0,1,18,1,0,0,75,3,10,3,4,3.333333
0,1,19,1,0,0,75,3,10,3,4,3.333333
0,2,1,0.02222222,1,2,75,2,10,3,4,3.333333
0,2,2,0.04444445,2,2,75,2,10,3,4,3.333333
0,2,3,0.06666667,2,6,75,2,10,3,4,3.333333
0,2,4,0.1333333,4,9,75,2,10,3,4,3.333333
0,2,5,0.2,6,14,75,2,10,3,4,3.333333
0,2,6,0.2888889,5,15,75,2,10,3,4,3.333333
0,2,7,0.5555556,7,16,75,2,10,3,4,3.333333
0,2,8,0.8444445,6,2,75,2,10,3,4,3.333333
0,2,9,0.9555556,1,0,75,2,10,3,4,3.333333
0,2,10,1,0,0,75,2,10,3,4,3.333333
0,2,11,1,0,0,75,2,10,3,4,3.333333
0,2,12,1,0,0,75,2,10,3,4,3.333333
0,2,13,1,0,0,75,2,10,3,4,3.333333
0,2,14,1,0,0,75,2,10,3,4,3.333333
0,2,15,1,0,0,75,2,10,3,4,3.333333
0,2,16,1,0,0,75,2,10,3,4,3.333333
0,2,17,1,0,0,75,2,10,3,4,3.333333
0,2,18,1,0,0,75,2,10,3,4,3.333333
0,2,19,1,0,0,75,2,10,3,4,3.333333
0,3,1,0.02222222,1,2,75,2,10,3,4,3.333333
0,3,2,0.04444445,2,6,75,2,10,3,4,3.333333
0,3,3,0.1111111,5,9,75,2,10,3,4,3.333333
0,3,4,0.2222222,6,16,75,2,10,3,4,3.333333
0,3,5,0.4666667,14,14,75,2,10,3,4,3.333333
0,3,6,0.6444445,8,9,75,2,10,3,4,3.333333
0,3,7,0.8222222,2,4,75,2,10,3,4,3.333333
0,3,8,0.8888889,3,2,75,2,10,3,4,3.333333
0,3,9,0.9777778,1,0,75,2,10,3,4,3.333333
0,3,10,0.9777778,1,0,75,2,10,3,4,3.333333
0,3,11,1,0,0,75,2,10,3,4,3.333333
0,3,12,1,0,0,75,2,10,3,4,3.333333
0,3,13,1,0,0,75,2,10,3,4,3.333333
0,3,14,1,0,0,75,2,10,3,4,3.333333
0,3,15,1,0,0,75,2,10,3,4,3.333333
0,3,16,1,0,0,75,2,10,3,4,3.333333
0,3,17,1,0,0,75,2,10,3,4,3.333333
0,3,18,1,0,0,75,2,10,3,4,3.333333
0,3,19,1,0,0,75,2,10,3,4,3.333333
0,4,1,0.02222222,1,2,75,2,10,3,4,3.333333
0,4,2,0.02222222,1,2,75,2,10,3,4,3.333333
0,4,3,0.06666667,2,5,75,2,10,3,4,3.333333
0,4,4,0.1111111,3,9,75,2,10,3,4,3.333333
0,4,5,0.2222222,6,11,75,2,10,3,4,3.333333
0,4,6,0.4444444,7,15,75,2,10,3,4,3.333333
0,4,7,0.6888889,11,6,75,2,10,3,4,3.333333
0,4,8,0.7777778,6,6,75,2,10,3,4,3.333333
0,4,9,0.8888889,5,1,75,2,10,3,4,3.333333
0,4,10,0.9333333,4,0,75,2,10,3,4,3.333333
0,4,11,1,0,0,75,2,10,3,4,3.333333
0,4,12,1,0,0,75,2,10,3,4,3.333333
0,4,13,1,0,0,75,2,10,3,4,3.333333
0,4,14,1,0,0,75,2,10,3,4,3.333333
0,4,15,1,0,0,75,2,10,3,4,3.333333
0,4,16,1,0,0,75,2,10,3,4,3.333333
0,4,17,1,0,0,75,2,10,3,4,3.333333
0,4,18,1,0,0,75,2,10,3,4,3.333333
0,4,19,1,0,0,75,2,10,3,4,3.333333
0,5,1,0.02222222,1,3,75,3,10,3,4,3.333333
0,5,2,0.06666667,3,7,75,3,10,3,4,3.333333
0,5,3,0.1111111,5,10,75,3,10,3,4,3.333333
0,5,4,0.2888889,6,11,75,3,10,3,4,3.333333
0,5,5,0.4222222,8,14,75,3,10,3,4,3.333333
0,5,6,0.6666667,7,10,75,3,10,3,4,3.333333
0,5,7,0.8444445,6,5,75,3,10,3,4,3.333333
0,5,8,0.9555556,2,0,75,3,10,3,4,3.333333
0,5,9,1,0,0,75,3,10,3,4,3.333333
0,5,10,1,0,0,75,3,10,3,4,3.333333
0,5,11,1,0,0,75,3,10,3,4,3.333333
0,5,12,1,0,0,75,3,10,3,4,3.333333
0,5,13,1,0,0,75,3,10,3,4,3.333333
0,5,14,1,0,0,75,3,10,3,4,3.333333
0,5,15,1,0,0,75,3,10,3,4,3.333333
0,5,16,1,0,0,75,3,10,3,4,3.333333
0,5,17,1,0,0,75,3,10,3,4,3.333333
0,5,18,1,0,0,75,3,10,3,4,3.333333
0,5,19,1,0,0,75,3,10,3,4,3.333333
0,6,1,0.02222222,1,4,75,4,10,3,4,3.333333
0,6,2,0.08888889,3,13,75,4,10,3,4,3.333333
0,6,3,0.2666667,9,20,75,4,10,3,4,3.333333
0,6,4,0.5333334,14,12,75,4,10,3,4,3.333333
0,6,5,0.8444445,6,3,75,4,10,3,4,3.333333
0,6,6,0.9333333,2,2,75,4,10,3,4,3.333333
0,6,7,0.9333333,2,2,75,4,10,3,4,3.333333
0,6,8,0.9555556,2,0,75,4,10,3,4,3.333333
0,6,9,0.9777778,1,0,75,4,10,3,4,3.333333
0,6,10,0.9777778,1,0,75,4,10,3,4,3.333333
0,6,11,0.9777778,1,0,75,4,10,3,4,3.333333
0,6,12,0.9777778,1,0,75,4,10,3,4,3.333333
0,6,13,1,0,0,75,4,10,3,4,3.333333
0,6,14,1,0,0,75,4,10,3,4,3.333333
0,6,15,1,0,0,75,4,10,3,4,3.333333
0,6,16,1,0,0,75,4,10,3,4,3.333333
0,6,17,1,0,0,75,4,10,3,4,3.333333
0,6,18,1,0,0,75,4,10,3,4,3.333333
0,6,19,1,0,0,75,4,10,3,4,3.333333
0,7,1,0.02222222,1,2,75,2,10,3,4,3.333333
0,7,2,0.02222222,1,2,75,2,10,3,4,3.333333
0,7,3,0.02222222,1,2,75,2,10,3,4,3.333333
0,7,4,0.04444445,2,5,75,2,10,3,4,3.333333
0,7,5,0.1333333,4,9,75,2,10,3,4,3.333333
0,7,6,0.1777778,5,13,75,2,10,3,4,3.333333
0,7,7,0.3111111,8,16,75,2,10,3,4,3.333333
0,7,8,0.5111111,9,11,75,2,10,3,4,3.333333
0,7,9,0.7777778,7,7,75,2,10,3,4,3.333333
0,7,10,0.8666667,6,2,75,2,10,3,4,3.333333
0,7,11,0.9333333,1,0,75,2,10,3,4,3.333333
0,7,12,1,0,0,75,2,10,3,4,3.333333
0,7,13,1,0,0,75,2,10,3,4,3.333333
0,7,14,1,0,0,75,2,10,3,4,3.333333
0,7,15,1,0,0,75,2,10,3,4,3.333333
0,7,16,1,0,0,75,2,10,3,4,3.333333
0,7,17,1,0,0,75,2,10,3,4,3.333333
0,7,18,1,0,0,75,2,10,3,4,3.333333
0,7,19,1,0,0,75,2,10,3,4,3.333333
0,8,1,0.02222222,1,2,75,2,10,3,4,3.333333
0,8,2,0.04444445,2,2,75,2,10,3,4,3.333333
0,8,3,0.04444445,2,2,75,2,10,3,4,3.333333
0,8,4,0.04444445,2,2,75,2,10,3,4,3.333333
0,8,5,0.06666667,2,5,75,2,10,3,4,3.333333
0,8,6,0.1333333,4,10,75,2,10,3,4,3.333333
0,8,7,0.2888889,9,18,75,2,10,3,4,3.333333
0,8,8,0.5777778,6,14,75,2,10,3,4,3.333333
0,8,9,0.8,10,5,75,2,10,3,4,3.333333
0,8,10,0.9777778,1,0,75,2,10,3,4,3.333333
0,8,11,1,0,0,75,2,10,3,4,3.333333
0,8,12,1,0,0,75,2,10,3,4,3.333333
0,8,13,1,0,0,75,2,10,3,4,3.333333
0,8,14,1,0,0,75,2,10,3,4,3.333333
0,8,15,1,0,0,75,2,10,3,4,3.333333
0,8,16,1,0,0,75,2,10,3,4,3.333333
0,8,17,1,0,0,75,2,10,3,4,3.333333
0,8,18,1,0,0,75,2,10,3,4,3.333333
0,8,19,1,0,0,75,2,10,3,4,3.333333
0,9,1,0.02222222,1,2,75,2,10,3,4,3.333333
0,9,2,0.04444445,2,4,75,2,10,3,4,3.333333
0,9,3,0.06666667,3,7,75,2,10,3,4,3.333333
0,9,4,0.1555556,5,13,75,2,10,3,4,3.333333
0,9,5,0.3111111,5,16,75,2,10,3,4,3.333333
0,9,6,0.5333334,10,15,75,2,10,3,4,3.333333
0,9,7,0.8222222,6,3,75,2,10,3,4,3.333333
0,9,8,0.9555556,1,0,75,2,10,3,4,3.333333
0,9,9,0.9777778,0,0,75,2,10,3,4,3.333333
0,9,10,0.9777778,0,0,75,2,10,3,4,3.333333
0,9,11,1,0,0,75,2,10,3,4,3.333333
0,9,12,1,0,0,75,2,10,3,4,3.333333
0,9,13,1,0,0,75,2,10,3,4,3.333333
0,9,14,1,0,0,75,2,10,3,4,3.333333
0,9,15,1,0,0,75,2,10,3,4,3.333333
0,9,16,1,0,0,75,2,10,3,4,3.333333
0,9,17,1,0,0,75,2,10,3,4,3.333333
0,9,18,1,0,0,75,2,10,3,4,3.333333
0,9,19,1,0,0,75,2,10,3,4,3.333333
0,10,1,0.02222222,1,9,75,10,10,3,4,3.333333
0,10,2,0.1555556,7,16,75,10,10,3,4,3.333333
0,10,3,0.3555556,10,17,75,10,10,3,4,3.333333
0,10,4,0.6666667,12,8,75,10,10,3,4,3.333333
0,10,5,0.8666667,5,4,75,10,10,3,4,3.333333
0,10,6,0.9555556,2,2,75,10,10,3,4,3.333333
0,10,7,0.9777778,0,0,75,10,10,3,4,3.333333
0,10,8,1,0,0,75,10,10,3,4,3.333333
0,10,9,1,0,0,75,10,10,3,4,3.333333
0,10,10,1,0,0,75,10,10,3,4,3.333333
0,10,11,1,0,0,75,10,10,3,4,3.333333
0,10,12,1,0,0,75,10,10,3,4,3.333333
0,10,13,1,0,0,75,10,10,3,4,3.333333
0,10,14,1,0,0,75,10,10,3,4,3.333333
0,10,15,1,0,0,75,10,10,3,4,3.333333
0,10,16,1,0,0,75,10,10,3,4,3.333333
0,10,17,1,0,0,75,10,10,3,4,3.333333
0,10,18,1,0,0,75,10,10,3,4,3.333333
0,10,19,1,0,0,75,10,10,3,4,3.333333
0,11,1,0.02222222,1,2,75,2,10,3,4,3.333333
0,11,2,0.04444445,2,4,75,2,10,3,4,3.333333
0,11,3,0.06666667,3,8,75,2,10,3,4,3.333333
0,11,4,0.1555556,5,11,75,2,10,3,4,3.333333
0,11,5,0.3333333,8,14,75,2,10,3,4,3.333333
0,11,6,0.5333334,8,11,75,2,10,3,4,3.333333
0,11,7,0.7111111,5,7,75,2,10,3,4,3.333333
0,11,8,0.8222222,5,5,75,2,10,3,4,3.333333
0,11,9,0.9111111,3,0,75,2,10,3,4,3.333333
0,11,10,0.9777778,1,0,75,2,10,3,4,3.333333
0,11,11,0.9777778,1,0,75,2,10,3,4,3.333333
0,11,12,0.9777778,1,0,75,2,10,3,4,3.333333
0,11,13,0.9777778,1,0,75,2,10,3,4,3.333333
0,11,14,1,0,0,75,2,10,3,4,3.333333
0,11,15,1,0,0,75,2,10,3,4,3.333333
0,11,16,1,0,0,75,2,10,3,4,3.333333
0,11,17,1,0,0,75,2,10,3,4,3.333333
0,11,18,1,0,0,75,2,10,3,4,3.333333
0,11,19,1,0,0,75,2,10,3,4,3.333333
0,12,1,0.02222222,1,2,75,2,10,3,4,3.333333
0,12,2,0.06666667,2,8,75,2,10,3,4,3.333333
0,12,3,0.1777778,6,16,75,2,10,3,4,3.333333
0,12,4,0.3333333,8,18,75,2,10,3,4,3.333333
0,12,5,0.6,7,14,75,2,10,3,4,3.333333
0,12,6,0.8666667,2,4,75,2,10,3,4,3.333333
0,12,7,0.9111111,3,1,75,2,10,3,4,3.333333
0,12,8,0.9333333,2,1,75,2,10,3,4,3.333333
0,12,9,0.9777778,1,0,75,2,10,3,4,3.333333
0,12,10,0.9777778,1,0,75,2,10,3,4,3.333333
0,12,11,0.9777778,1,0,75,2,10,3,4,3.333333
0,12,12,0.9777778,1,0,75,2,10,3,4,3.333333
0,12,13,1,0,0,75,2,10,3,4,3.333333
0,12,14,1,0,0,75,2,10,3,4,3.333333
0,12,15,1,0,0,75,2,10,3,4,3.333333
0,12,16,1,0,0,75,2,10,3,4,3.333333
0,12,17,1,0,0,75,2,10,3,4,3.333333
0,12,18,1,0,0,75,2,10,3,4,3.333333
0,12,19,1,0,0,75,2,10,3,4,3.333333
0,13,1,0.02222222,1,2,75,2,10,3,4,3.333333
0,13,2,0.04444445,2,3,75,2,10,3,4,3.333333
0,13,3,0.06666667,3,5,75,2,10,3,4,3.333333
0,13,4,0.08888889,4,5,75,2,10,3,4,3.333333
0,13,5,0.1333333,4,6,75,2,10,3,4,3.333333
0,13,6,0.2,5,9,75,2,10,3,4,3.333333
0,13,7,0.3111111,5,13,75,2,10,3,4,3.333333
0,13,8,0.5111111,11,11,75,2,10,3,4,3.333333
0,13,9,0.7777778,6,6,75,2,10,3,4,3.333333
0,13,10,0.9333333,1,2,75,2,10,3,4,3.333333
0,13,11,0.9777778,2,0,75,2,10,3,4,3.333333
0,13,12,1,0,0,75,2,10,3,4,3.333333
0,13,13,1,0,0,75,2,10,3,4,3.333333
0,13,14,1,0,0,75,2,10,3,4,3.333333
0,13,15,1,0,0,75,2,10,3,4,3.333333
0,13,16,1,0,0,75,2,10,3,4,3.333333
0,13,17,1,0,0,75,2,10,3,4,3.333333
0,13,18,1,0,0,75,2,10,3,4,3.333333
0,13,19,1,0,0,75,2,10,3,4,3.333333
0,14,1,0.02222222,1,3,75,3,10,3,4,3.333333
0,14,2,0.06666667,3,4,75,3,10,3,4,3.333333
0,14,3,0.1333333,3,12,75,3,10,3,4,3.333333
0,14,4,0.3111111,9,10,75,3,10,3,4,3.333333
0,14,5,0.4888889,8,16,75,3,10,3,4,3.333333
0,14,6,0.6888889,10,7,75,3,10,3,4,3.333333
0,14,7,0.8444445,7,1,75,3,10,3,4,3.333333
0,14,8,0.9333333,2,0,75,3,10,3,4,3.333333
0,14,9,0.9777778,1,0,75,3,10,3,4,3.333333
0,14,10,1,0,0,75,3,10,3,4,3.333333
0,14,11,1,0,0,75,3,10,3,4,3.333333
0,14,12,1,0,0,75,3,10,3,4,3.333333
0,14,13,1,0,0,75,3,10,3,4,3.333333
0,14,14,1,0,0,75,3,10,3,4,3.333333
0,14,15,1,0,0,75,3,10,3,4,3.333333
0,14,16,1,0,0,75,3,10,3,4,3.333333
0,14,17,1,0,0,75,3,10,3,4,3.333333
0,14,18,1,0,0,75,3,10,3,4,3.333333
0,14,19,1,0,0,75,3,10,3,4,3.333333
0,15,1,0.02222222,1,4,75,4,10,3,4,3.333333
0,15,2,0.04444445,2,11,75,4,10,3,4,3.333333
0,15,3,0.1777778,6,15,75,4,10,3,4,3.333333
0,15,4,0.3777778,8,18,75,4,10,3,4,3.333333
0,15,5,0.5777778,11,13,75,4,10,3,4,3.333333
0,15,6,0.8,11,4,75,4,10,3,4,3.333333
0,15,7,0.9333333,3,0,75,4,10,3,4,3.333333
0,15,8,0.9555556,1,0,75,4,10,3,4,3.333333
0,15,9,0.9777778,0,0,75,4,10,3,4,3.333333
0,15,10,0.9777778,0,0,75,4,10,3,4,3.333333
0,15,11,1,0,0,75,4,10,3,4,3.333333
0,15,12,1,0,0,75,4,10,3,4,3.333333
0,15,13,1,0,0,75,4,10,3,4,3.333333
0,15,14,1,0,0,75,4,10,3,4,3.333333
0,15,15,1,0,0,75,4,10,3,4,3.333333
0,15,16,1,0,0,75,4,10,3,4,3.333333
0,15,17,1,0,0,75,4,10,3,4,3.333333
0,15,18,1,0,0,75,4,10,3,4,3.333333
0,15,19,1,0,0,75,4,10,3,4,3.333333
0,16,1,0.02222222,1,4,75,4,10,3,4,3.333333
0,16,2,0.06666667,3,7,75,4,10,3,4,3.333333
0,16,3,0.1111111,4,8,75,4,10,3,4,3.333333
0,16,4,0.2,6,12,75,4,10,3,4,3.333333
0,16,5,0.3555556,9,14,75,4,10,3,4,3.333333
0,16,6,0.5777778,6,11,75,4,10,3,4,3.333333
0,16,7,0.7777778,3,6,75,4,10,3,4,3.333333
0,16,8,0.8222222,4,3,75,4,10,3,4,3.333333
0,16,9,0.8888889,2,2,75,4,10,3,4,3.333333
0,16,10,0.9555556,2,0,75,4,10,3,4,3.333333
0,16,11,0.9777778,1,0,75,4,10,3,4,3.333333
0,16,12,1,0,0,75,4,10,3,4,3.333333
0,16,13,1,0,0,75,4,10,3,4,3.333333
0,16,14,1,0,0,75,4,10,3,4,3.333333
0,16,15,1,0,0,75,4,10,3,4,3.333333
0,16,16,1,0,0,75,4,10,3,4,3.333333
0,16,17,1,0,0,75,4,10,3,4,3.333333
0,16,18,1,0,0,75,4,10,3,4,3.333333
0,16,19,1,0,0,75,4,10,3,4,3.333333
0,17,1,0.02222222,1,1,75,1,10,3,4,3.333333
0,17,2,0.04444445,1,4,75,1,10,3,4,3.333333
0,17,3,0.08888889,3,9,75,1,10,3,4,3.333333
0,17,4,0.1777778,5,9,75,1,10,3,4,3.333333
0,17,5,0.2666667,5,11,75,1,10,3,4,3.333333
0,17,6,0.3333333,7,12,75,1,10,3,4,3.333333
0,17,7,0.4888889,9,14,75,1,10,3,4,3.333333
0,17,8,0.6,10,12,75,1,10,3,4,3.333333
0,17,9,0.8222222,6,5,75,1,10,3,4,3.333333
0,17,10,0.9555556,2,0,75,1,10,3,4,3.333333
0,17,11,1,0,0,75,1,10,3,4,3.333333
0,17,12,1,0,0,75,1,10,3,4,3.333333
0,17,13,1,0,0,75,1,10,3,4,3.333333
0,17,14,1,0,0,75,1,10,3,4,3.333333
0,17,15,1,0,0,75,1,10,3,4,3.333333
0,17,16,1,0,0,75,1,10,3,4,3.333333
0,17,17,1,0,0,75,1,10,3,4,3.333333
0,17,18,1,0,0,75,1,10,3,4,3.333333
0,17,19,1,0,0,75,1,10,3,4,3.333333
0,18,1,0.02222222,1,2,75,2,10,3,4,3.333333
0,18,2,0.02222222,1,2,75,2,10,3,4,3.333333
0,18,3,0.04444445,2,2,75,2,10,3,4,3.333333
0,18,4,0.08888889,2,7,75,2,10,3,4,3.333333
0,18,5,0.1777778,5,10,75,2,10,3,4,3.333333
0,18,6,0.3777778,9,13,75,2,10,3,4,3.333333
0,18,7,0.6222222,9,13,75,2,10,3,4,3.333333
0,18,8,0.8222222,6,5,75,2,10,3,4,3.333333
0,18,9,0.9333333,2,2,75,2,10,3,4,3.333333
0,18,10,0.9777778,1,0,75,2,10,3,4,3.333333
0,18,11,1,0,0,75,2,10,3,4,3.333333
0,18,12,1,0,0,75,2,10,3,4,3.333333
0,18,13,1,0,0,75,2,10,3,4,3.333333
0,18,14,1,0,0,75,2,10,3,4,3.333333
0,18,15,1,0,0,75,2,10,3,4,3.333333
0,18,16,1,0,0,75,2,10,3,4,3.333333
0,18,17,1,0,0,75,2,10,3,4,3.333333
0,18,18,1,0,0,75,2,10,3,4,3.333333
0,18,19,1,0,0,75,2,10,3,4,3.333333
0,19,1,0.02222222,1,2,75,2,10,3,4,3.333333
0,19,2,0.04444445,2,2,75,2,10,3,4,3.333333
0,19,3,0.04444445,2,2,75,2,10,3,4,3.333333
0,19,4,0.06666667,2,9,75,2,10,3,4,3.333333
0,19,5,0.1777778,7,17,75,2,10,3,4,3.333333
0,19,6,0.3555556,10,17,75,2,10,3,4,3.333333
0,19,7,0.5555556,12,12,75,2,10,3,4,3.333333
0,19,8,0.7555556,9,6,75,2,10,3,4,3.333333
0,19,9,0.8888889,4,4,75,2,10,3,4,3.333333
0,19,10,0.9777778,0,0,75,2,10,3,4,3.333333
0,19,11,1,0,0,75,2,10,3,4,3.333333
0,19,12,1,0,0,75,2,10,3,4,3.333333
0,19,13,1,0,0,75,2,10,3,4,3.333333
0,19,14,1,0,0,75,2,10,3,4,3.333333
0,19,15,1,0,0,75,2,10,3,4,3.333333
0,19,16,1,0,0,75,2,10,3,4,3.333333
0,19,17,1,0,0,75,2,10,3,4,3.333333
0,19,18,1,0,0,75,2,10,3,4,3.333333
0,19,19,1,0,0,75,2,10,3,4,3.333333
0,20,1,0.02222222,1,2,75,2,10,3,4,3.333333
0,20,2,0.02222222,1,2,75,2,10,3,4,3.333333
0,20,3,0.04444445,2,4,75,2,10,3,4,3.333333
0,20,4,0.1333333,4,16,75,2,10,3,4,3.333333
0,20,5,0.3111111,8,18,75,2,10,3,4,3.333333
0,20,6,0.6,4,11,75,2,10,3,4,3.333333
0,20,7,0.8,5,5,75,2,10,3,4,3.333333
0,20,8,0.9111111,3,2,75,2,10,3,4,3.333333
0,20,9,0.9555556,0,2,75,2,10,3,4,3.333333
0,20,10,0.9777778,1,0,75,2,10,3,4,3.333333
0,20,11,1,0,0,75,2,10,3,4,3.333333
0,20,12,1,0,0,75,2,10,3,4,3.333333
0,20,13,1,0,0,75,2,10,3,4,3.333333
0,20,14,1,0,0,75,2,10,3,4,3.333333
0,20,15,1,0,0,75,2,10,3,4,3.333333
0,20,16,1,0,0,75,2,10,3,4,3.333333
0,20,17,1,0,0,75,2,10,3,4,3.333333
0,20,18,1,0,0,75,2,10,3,4,3.333333
0,20,19,1,0,0,75,2,10,3,4,3.333333
0,21,1,0.02222222,1,4,75,4,10,3,4,3.333333
0,21,2,0.04444445,2,8,75,4,10,3,4,3.333333
0,21,3,0.1111111,4,7,75,4,10,3,4,3.333333
0,21,4,0.2444444,7,11,75,4,10,3,4,3.333333
0,21,5,0.3777778,9,16,75,4,10,3,4,3.333333
0,21,6,0.6222222,9,10,75,4,10,3,4,3.333333
0,21,7,0.8666667,3,2,75,4,10,3,4,3.333333
0,21,8,0.9333333,1,0,75,4,10,3,4,3.333333
0,21,9,0.9555556,1,0,75,4,10,3,4,3.333333
0,21,10,1,0,0,75,4,10,3,4,3.333333
0,21,11,1,0,0,75,4,10,3,4,3.333333
0,21,12,1,0,0,75,4,10,3,4,3.333333
0,21,13,1,0,0,75,4,10,3,4,3.333333
0,21,14,1,0,0,75,4,10,3,4,3.333333
0,21,15,1,0,0,75,4,10,3,4,3.333333
0,21,16,1,0,0,75,4,10,3,4,3.333333
0,21,17,1,0,0,75,4,10,3,4,3.333333
0,21,18,1,0,0,75,4,10,3,4,3.333333
0,21,19,1,0,0,75,4,10,3,4,3.333333
0,22,1,0.02222222,1,2,75,2,10,3,4,3.333333
0,22,2,0.04444445,2,3,75,2,10,3,4,3.333333
0,22,3,0.06666667,2,5,75,2,10,3,4,3.333333
0,22,4,0.1777778,5,14,75,2,10,3,4,3.333333
0,22,5,0.3555556,11,16,75,2,10,3,4,3.333333
0,22,6,0.5333334,12,13,75,2,10,3,4,3.333333
0,22,7,0.7555556,12,5,75,2,10,3,4,3.333333
0,22,8,0.8444445,6,4,75,2,10,3,4,3.333333
0,22,9,0.9555556,0,0,75,2,10,3,4,3.333333
0,22,10,1,0,0,75,2,10,3,4,3.333333
0,22,11,1,0,0,75,2,10,3,4,3.333333
0,22,12,1,0,0,75,2,10,3,4,3.333333
0,22,13,1,0,0,75,2,10,3,4,3.333333
0,22,14,1,0,0,75,2,10,3,4,3.333333
0,22,15,1,0,0,75,2,10,3,4,3.333333
0,22,16,1,0,0,75,2,10,3,4,3.333333
0,22,17,1,0,0,75,2,10,3,4,3.333333
0,22,18,1,0,0,75,2,10,3,4,3.333333
0,22,19,1,0,0,75,2,10,3,4,3.333333
0,23,1,0.02222222,1,2,75,2,10,3,4,3.333333
0,23,2,0.04444445,2,4,75,2,10,3,4,3.333333
0,23,3,0.06666667,3,6,75,2,10,3,4,3.333333
0,23,4,0.1555556,5,12,75,2,10,3,4,3.333333
0,23,5,0.2888889,9,15,75,2,10,3,4,3.333333
0,23,6,0.5111111,9,17,75,2,10,3,4,3.333333
0,23,7,0.7333333,11,10,75,2,10,3,4,3.333333
0,23,8,0.9333333,3,0,75,2,10,3,4,3.333333
0,23,9,0.9777778,1,0,75,2,10,3,4,3.333333
0,23,10,0.9777778,1,0,75,2,10,3,4,3.333333
0,23,11,0.9777778,1,0,75,2,10,3,4,3.333333
0,23,12,1,0,0,75,2,10,3,4,3.333333
0,23,13,1,0,0,75,2,10,3,4,3.333333
0,23,14,1,0,0,75,2,10,3,4,3.333333
0,23,15,1,0,0,75,2,10,3,4,3.333333
0,23,16,1,0,0,75,2,10,3,4,3.333333
0,23,17,1,0,0,75,2,10,3,4,3.333333
0,23,18,1,0,0,75,2,10,3,4,3.333333
0,23,19,1,0,0,75,2,10,3,4,3.333333
0,24,1,0.02222222,1,3,75,3,10,3,4,3.333333
0,24,2,0.04444445,2,5,75,3,10,3,4,3.333333
0,24,3,0.1111111,3,8,75,3,10,3,4,3.333333
0,24,4,0.2,5,15,75,3,10,3,4,3.333333
0,24,5,0.3777778,12,19,75,3,10,3,4,3.333333
0,24,6,0.5777778,9,16,75,3,10,3,4,3.333333
0,24,7,0.7555556,7,7,75,3,10,3,4,3.333333
0,24,8,0.8888889,2,2,75,3,10,3,4,3.333333
0,24,9,0.9777778,1,0,75,3,10,3,4,3.333333
0,24,10,1,0,0,75,3,10,3,4,3.333333
0,24,11,1,0,0,75,3,10,3,4,3.333333
0,24,12,1,0,0,75,3,10,3,4,3.333333
0,24,13,1,0,0,75,3,10,3,4,3.333333
0,24,14,1,0,0,75,3,10,3,4,3.333333
0,24,15,1,0,0,75,3,10,3,4,3.333333
0,24,16,1,0,0,75,3,10,3,4,3.333333
0,24,17,1,0,0,75,3,10,3,4,3.333333
0,24,18,1,0,0,75,3,10,3,4,3.333333
0,24,19,1,0,0,75,3,10,3,4,3.333333
0,25,1,0.02222222,1,2,75,2,10,3,4,3.333333
0,25,2,0.06666667,2,9,75,2,10,3,4,3.333333
0,25,3,0.2,6,16,75,2,10,3,4,3.333333
0,25,4,0.4,11,13,75,2,10,3,4,3.333333
0,25,5,0.6666667,7,10,75,2,10,3,4,3.333333
0,25,6,0.8,7,5,75,2,10,3,4,3.333333
0,25,7,0.9111111,5,2,75,2,10,3,4,3.333333
0,25,8,0.9777778,1,0,75,2,10,3,4,3.333333
0,25,9,0.9777778,1,0,75,2,10,3,4,3.333333
0,25,10,1,0,0,75,2,10,3,4,3.333333
0,25,11,1,0,0,75,2,10,3,4,3.333333
0,25,12,1,0,0,75,2,10,3,4,3.333333
0,25,13,1,0,0,75,2,10,3,4,3.333333
0,25,14,1,0,0,75,2,10,3,4,3.333333
0,25,15,1,0,0,75,2,10,3,4,3.333333
0,25,16,1,0,0,75,2,10,3,4,3.333333
0,25,17,1,0,0,75,2,10,3,4,3.333333
0,25,18,1,0,0,75,2,10,3,4,3.333333
0,25,19,1,0,0,75,2,10,3,4,3.333333
0,26,1,0.02222222,1,3,75,3,10,3,4,3.333333
0,26,2,0.04444445,2,6,75,3,10,3,4,3.333333
0,26,3,0.1111111,5,8,75,3,10,3,4,3.333333
0,26,4,0.2222222,6,12,75,3,10,3,4,3.333333
0,26,5,0.4444444,6,14,75,3,10,3,4,3.333333
0,26,6,0.7333333,8,7,75,3,10,3,4,3.333333
0,26,7,0.8888889,5,3,75,3,10,3,4,3.333333
0,26,8,0.9777778,1,0,75,3,10,3,4,3.333333
0,26,9,1,0,0,75,3,10,3,4,3.333333
0,26,10,1,0,0,75,3,10,3,4,3.333333
0,26,11,1,0,0,75,3,10,3,4,3.333333
0,26,12,1,0,0,75,3,10,3,4,3.333333
0,26,13,1,0,0,75,3,10,3,4,3.333333
0,26,14,1,0,0,75,3,10,3,4,3.333333
0,26,15,1,0,0,75,3,10,3,4,3.333333
0,26,16,1,0,0,75,3,10,3,4,3.333333
0,26,17,1,0,0,75,3,10,3,4,3.333333
0,26,18,1,0,0,75,3,10,3,4,3.333333
0,26,19,1,0,0,75,3,10,3,4,3.333333
0,27,1,0.02222222,1,2,75,2,10,3,4,3.333333
0,27,2,0.02222222,1,2,75,2,10,3,4,3.333333
0,27,3,0.04444445,2,2,75,2,10,3,4,3.333333
0,27,4,0.06666667,2,3,75,2,10,3,4,3.333333
0,27,5,0.08888889,3,5,75,2,10,3,4,3.333333
0,27,6,0.1555556,4,10,75,2,10,3,4,3.333333
0,27,7,0.2888889,6,13,75,2,10,3,4,3.333333
0,27,8,0.4666667,7,17,75,2,10,3,4,3.333333
0,27,9,0.7333333,8,7,75,2,10,3,4,3.333333
0,27,10,0.9111111,4,2,75,2,10,3,4,3.333333
0,27,11,0.9555556,2,0,75,2,10,3,4,3.333333
0,27,12,1,0,0,75,2,10,3,4,3.333333
0,27,13,1,0,0,75,2,10,3,4,3.333333
0,27,14,1,0,0,75,2,10,3,4,3.333333
0,27,15,1,0,0,75,2,10,3,4,3.333333
0,27,16,1,0,0,75,2,10,3,4,3.333333
0,27,17,1,0,0,75,2,10,3,4,3.333333
0,27,18,1,0,0,75,2,10,3,4,3.333333
0,27,19,1,0,0,75,2,10,3,4,3.333333
0,28,1,0.02222222,1,4,75,4,10,3,4,3.333333
0,28,2,0.06666667,3,8,75,4,10,3,4,3.333333
0,28,3,0.1333333,4,11,75,4,10,3,4,3.333333
0,28,4,0.2444444,6,18,75,4,10,3,4,3.333333
0,28,5,0.4666667,8,18,75,4,10,3,4,3.333333
0,28,6,0.7333333,6,5,75,4,10,3,4,3.333333
0,28,7,0.8222222,3,2,75,4,10,3,4,3.333333
0,28,8,0.9111111,1,0,75,4,10,3,4,3.333333
0,28,9,0.9777778,0,0,75,4,10,3,4,3.333333
0,28,10,1,0,0,75,4,10,3,4,3.333333
0,28,11,1,0,0,75,4,10,3,4,3.333333
0,28,12,1,0,0,75,4,10,3,4,3.333333
0,28,13,1,0,0,75,4,10,3,4,3.333333
0,28,14,1,0,0,75,4,10,3,4,3.333333
0,28,15,1,0,0,75,4,10,3,4,3.333333
0,28,16,1,0,0,75,4,10,3,4,3.333333
0,28,17,1,0,0,75,4,10,3,4,3.333333
0,28,18,1,0,0,75,4,10,3,4,3.333333
0,28,19,1,0,0,75,4,10,3,4,3.333333
0,29,1,0.02222222,1,2,75,2,10,3,4,3.333333
0,29,2,0.06666667,2,5,75,2,10,3,4,3.333333
0,29,3,0.08888889,3,11,75,2,10,3,4,3.333333
0,29,4,0.2444444,7,20,75,2,10,3,4,3.333333
0,29,5,0.4444444,10,18,75,2,10,3,4,3.333333
0,29,6,0.7555556,8,5,75,2,10,3,4,3.333333
0,29,7,0.9111111,4,0,75,2,10,3,4,3.333333
0,29,8,0.9555556,2,0,75,2,10,3,4,3.333333
0,29,9,0.9777778,0,0,75,2,10,3,4,3.333333
0,29,10,1,0,0,75,2,10,3,4,3.333333
0,29,11,1,0,0,75,2,10,3,4,3.333333
0,29,12,1,0,0,75,2,10,3,4,3.333333
0,29,13,1,0,0,75,2,10,3,4,3.333333
0,29,14,1,0,0,75,2,10,3,4,3.333333
0,29,15,1,0,0,75,2,10,3,4,3.333333
0,29,16,1,0,0,75,2,10,3,4,3.333333
0,29,17,1,0,0,75,2,10,3,4,3.333333
0,29,18,1,0,0,75,2,10,3,4,3.333333
0,29,19,1,0,0,75,2,10,3,4,3.333333
0,30,1,0.02222222,1,4,75,5,10,3,4,3.333333
0,30,2,0.06666667,3,9,75,5,10,3,4,3.333333
0,30,3,0.2222222,7,11,75,5,10,3,4,3.333333
0,30,4,0.4,7,13,75,5,10,3,4,3.333333
0,30,5,0.6,8,11,75,5,10,3,4,3.333333
0,30,6,0.7555556,9,7,75,5,10,3,4,3.333333
0,30,7,0.8444445,6,0,75,5,10,3,4,3.333333
0,30,8,0.9555556,0,0,75,5,10,3,4,3.333333
0,30,9,0.9777778,0,0,75,5,10,3,4,3.333333
0,30,10,1,0,0,75,5,10,3,4,3.333333
0,30,11,1,0,0,75,5,10,3,4,3.333333
0,30,12,1,0,0,75,5,10,3,4,3.333333
0,30,13,1,0,0,75,5,10,3,4,3.333333
0,30,14,1,0,0,75,5,10,3,4,3.333333
0,30,15,1,0,0,75,5,10,3,4,3.333333
0,30,16,1,0,0,75,5,10,3,4,3.333333
0,30,17,1,0,0,75,5,10,3,4,3.333333
0,30,18,1,0,0,75,5,10,3,4,3.333333
0,30,19,1,0,0,75,5,10,3,4,3.333333
0,31,1,0.02222222,1,4,75,4,10,3,4,3.333333
0,31,2,0.06666667,3,10,75,4,10,3,4,3.333333
0,31,3,0.2,6,14,75,4,10,3,4,3.333333
0,31,4,0.4,9,12,75,4,10,3,4,3.333333
0,31,5,0.5777778,9,10,75,4,10,3,4,3.333333
0,31,6,0.7333333,8,7,75,4,10,3,4,3.333333
0,31,7,0.8666667,7,2,75,4,10,3,4,3.333333
0,31,8,0.9555556,1,0,75,4,10,3,4,3.333333
0,31,9,0.9777778,1,0,75,4,10,3,4,3.333333
0,31,10,1,0,0,75,4,10,3,4,3.333333
0,31,11,1,0,0,75,4,10,3,4,3.333333
0,31,12,1,0,0,75,4,10,3,4,3.333333
0,31,13,1,0,0,75,4,10,3,4,3.333333
0,31,14,1,0,0,75,4,10,3,4,3.333333
0,31,15,1,0,0,75,4,10,3,4,3.333333
0,31,16,1,0,0,75,4,10,3,4,3.333333
0,31,17,1,0,0,75,4,10,3,4,3.333333
0,31,18,1,0,0,75,4,10,3,4,3.333333
0,31,19,1,0,0,75,4,10,3,4,3.333333
0,32,1,0.02222222,1,2,75,2,10,3,4,3.333333
0,32,2,0.06666667,2,8,75,2,10,3,4,3.333333
0,32,3,0.1555556,6,12,75,2,10,3,4,3.333333
0,32,4,0.3111111,9,19,75,2,10,3,4,3.333333
0,32,5,0.5555556,10,12,75,2,10,3,4,3.333333
0,32,6,0.7333333,7,6,75,2,10,3,4,3.333333
0,32,7,0.8666667,3,1,75,2,10,3,4,3.333333
0,32,8,0.9555556,1,0,75,2,10,3,4,3.333333
0,32,9,0.9555556,1,0,75,2,10,3,4,3.333333
0,32,10,0.9777778,1,0,75,2,10,3,4,3.333333
0,32,11,0.9777778,1,0,75,2,10,3,4,3.333333
0,32,12,0.9777778,1,0,75,2,10,3,4,3.333333
0,32,13,1,0,0,75,2,10,3,4,3.333333
0,32,14,1,0,0,75,2,10,3,4,3.333333
0,32,15,1,0,0,75,2,10,3,4,3.333333
0,32,16,1,0,0,75,2,10,3,4,3.333333
0,32,17,1,0,0,75,2,10,3,4,3.333333
0,32,18,1,0,0,75,2,10,3,4,3.333333
0,32,19,1,0,0,75,2,10,3,4,3.333333
0,33,1,0.02222222,1,2,75,3,10,3,4,3.333333
0,33,2,0.04444445,2,2,75,3,10,3,4,3.333333
0,33,3,0.08888889,3,7,75,3,10,3,4,3.333333
0,33,4,0.2,7,15,75,3,10,3,4,3.333333
0,33,5,0.3111111,11,17,75,3,10,3,4,3.333333
0,33,6,0.6,12,11,75,3,10,3,4,3.333333
0,33,7,0.8222222,8,3,75,3,10,3,4,3.333333
0,33,8,0.9111111,4,0,75,3,10,3,4,3.333333
0,33,9,0.9777778,1,0,75,3,10,3,4,3.333333
0,33,10,0.9777778,1,0,75,3,10,3,4,3.333333
0,33,11,1,0,0,75,3,10,3,4,3.333333
0,33,12,1,0,0,75,3,10,3,4,3.333333
0,33,13,1,0,0,75,3,10,3,4,3.333333
0,33,14,1,0,0,75,3,10,3,4,3.333333
0,33,15,1,0,0,75,3,10,3,4,3.333333
0,33,16,1,0,0,75,3,10,3,4,3.333333
0,33,17,1,0,0,75,3,10,3,4,3.333333
0,33,18,1,0,0,75,3,10,3,4,3.333333
0,33,19,1,0,0,75,3,10,3,4,3.333333
0,34,1,0.02222222,1,2,75,2,10,3,4,3.333333
0,34,2,0.06666667,2,5,75,2,10,3,4,3.333333
0,34,3,0.1111111,3,9,75,2,10,3,4,3.333333
0,34,4,0.2222222,7,18,75,2,10,3,4,3.333333
0,34,5,0.4222222,9,16,75,2,10,3,4,3.333333
0,34,6,0.6444445,9,9,75,2,10,3,4,3.333333
0,34,7,0.8444445,5,2,75,2,10,3,4,3.333333
0,34,8,0.9111111,3,0,75,2,10,3,4,3.333333
0,34,9,0.9777778,1,0,75,2,10,3,4,3.333333
0,34,10,1,0,0,75,2,10,3,4,3.333333
0,34,11,1,0,0,75,2,10,3,4,3.333333
0,34,12,1,0,0,75,2,10,3,4,3.333333
0,34,13,1,0,0,75,2,10,3,4,3.333333
0,34,14,1,0,0,75,2,10,3,4,3.333333
0,34,15,1,0,0,75,2,10,3,4,3.333333
0,34,16,1,0,0,75,2,10,3,4,3.333333
0,34,17,1,0,0,75,2,10,3,4,3.333333
0,34,18,1,0,0,75,2,10,3,4,3.333333
0,34,19,1,0,0,75,2,10,3,4,3.333333
0,35,1,0.02222222,1,4,75,4,10,3,4,3.333333
0,35,2,0.04444445,2,11,75,4,10,3,4,3.333333
0,35,3,0.08888889,3,14,75,4,10,3,4,3.333333
0,35,4,0.2666667,10,20,75,4,10,3,4,3.333333
0,35,5,0.4888889,9,16,75,4,10,3,4,3.333333
0,35,6,0.7555556,3,7,75,4,10,3,4,3.333333
0,35,7,0.8666667,5,3,75,4,10,3,4,3.333333
0,35,8,0.9111111,5,1,75,4,10,3,4,3.333333
0,35,9,0.9555556,1,1,75,4,10,3,4,3.333333
0,35,10,0.9777778,1,0,75,4,10,3,4,3.333333
0,35,11,0.9777778,1,0,75,4,10,3,4,3.333333
0,35,12,0.9777778,1,0,75,4,10,3,4,3.333333
0,35,13,1,0,0,75,4,10,3,4,3.333333
0,35,14,1,0,0,75,4,10,3,4,3.333333
0,35,15,1,0,0,75,4,10,3,4,3.333333
0,35,16,1,0,0,75,4,10,3,4,3.333333
0,35,17,1,0,0,75,4,10,3,4,3.333333
0,35,18,1,0,0,75,4,10,3,4,3.333333
0,35,19,1,0,0,75,4,10,3,4,3.333333
0,36,1,0.02222222,1,4,75,4,10,3,4,3.333333
0,36,2,0.08888889,3,8,75,4,10,3,4,3.333333
0,36,3,0.1555556,6,9,75,4,10,3,4,3.333333
0,36,4,0.2888889,6,15,75,4,10,3,4,3.333333
0,36,5,0.4222222,8,15,75,4,10,3,4,3.333333
0,36,6,0.6222222,9,14,75,4,10,3,4,3.333333
0,36,7,0.8,6,4,75,4,10,3,4,3.333333
0,36,8,0.9333333,3,0,75,4,10,3,4,3.333333
0,36,9,0.9777778,1,0,75,4,10,3,4,3.333333
0,36,10,0.9777778,1,0,75,4,10,3,4,3.333333
0,36,11,0.9777778,1,0,75,4,10,3,4,3.333333
0,36,12,0.9777778,1,0,75,4,10,3,4,3.333333
0,36,13,1,0,0,75,4,10,3,4,3.333333
0,36,14,1,0,0,75,4,10,3,4,3.333333
0,36,15,1,0,0,75,4,10,3,4,3.333333
0,36,16,1,0,0,75,4,10,3,4,3.333333
0,36,17,1,0,0,75,4,10,3,4,3.333333
0,36,18,1,0,0,75,4,10,3,4,3.333333
0,36,19,1,0,0,75,4,10,3,4,3.333333
0,37,1,0.02222222,1,2,75,2,10,3,4,3.333333
0,37,2,0.04444445,2,4,75,2,10,3,4,3.333333
0,37,3,0.08888889,3,7,75,2,10,3,4,3.333333
0,37,4,0.1555556,5,11,75,2,10,3,4,3.333333
0,37,5,0.2444444,5,15,75,2,10,3,4,3.333333
0,37,6,0.4222222,10,16,75,2,10,3,4,3.333333
0,37,7,0.6444445,8,13,75,2,10,3,4,3.333333
0,37,8,0.8666667,5,4,75,2,10,3,4,3.333333
0,37,9,0.9555556,2,0,75,2,10,3,4,3.333333
0,37,10,0.9777778,1,0,75,2,10,3,4,3.333333
0,37,11,0.9777778,1,0,75,2,10,3,4,3.333333
0,37,12,1,0,0,75,2,10,3,4,3.333333
0,37,13,1,0,0,75,2,10,3,4,3.333333
0,37,14,1,0,0,75,2,10,3,4,3.333333
0,37,15,1,0,0,75,2,10,3,4,3.333333
0,37,16,1,0,0,75,2,10,3,4,3.333333
0,37,17,1,0,0,75,2,10,3,4,3.333333
0,37,18,1,0,0,75,2,10,3,4,3.333333
0,37,19,1,0,0,75,2,10,3,4,3.333333
0,38,1,0.02222222,1,3,75,3,10,3,4,3.333333
0,38,2,0.06666667,3,4,75,3,10,3,4,3.333333
0,38,3,0.1111111,3,8,75,3,10,3,4,3.333333
0,38,4,0.2222222,6,11,75,3,10,3,4,3.333333
0,38,5,0.3777778,7,12,75,3,10,3,4,3.333333
0,38,6,0.5555556,7,14,75,3,10,3,4,3.333333
0,38,7,0.7111111,8,7,75,3,10,3,4,3.333333
0,38,8,0.8444445,4,4,75,3,10,3,4,3.333333
0,38,9,0.9333333,3,1,75,3,10,3,4,3.333333
0,38,10,0.9777778,1,0,75,3,10,3,4,3.333333
0,38,11,1,0,0,75,3,10,3,4,3.333333
0,38,12,1,0,0,75,3,10,3,4,3.333333
0,38,13,1,0,0,75,3,10,3,4,3.333333
0,38,14,1,0,0,75,3,10,3,4,3.333333
0,38,15,1,0,0,75,3,10,3,4,3.333333
0,38,16,1,0,0,75,3,10,3,4,3.333333
0,38,17,1,0,0,75,3,10,3,4,3.333333
0,38,18,1,0,0,75,3,10,3,4,3.333333
0,38,19,1,0,0,75,3,10,3,4,3.333333
0,39,1,0.02222222,1,4,75,4,10,3,4,3.333333
0,39,2,0.06666667,3,10,75,4,10,3,4,3.333333
0,39,3,0.1777778,5,19,75,4,10,3,4,3.333333
0,39,4,0.4,12,12,75,4,10,3,4,3.333333
0,39,5,0.5777778,7,9,75,4,10,3,4,3.333333
0,39,6,0.7777778,6,4,75,4,10,3,4,3.333333
0,39,7,0.9333333,3,3,75,4,10,3,4,3.333333
0,39,8,0.9777778,3,0,75,4,10,3,4,3.333333
0,39,9,1,0,0,75,4,10,3,4,3.333333
0,39,10,1,0,0,75,4,10,3,4,3.333333
0,39,11,1,0,0,75,4,10,3,4,3.333333
0,39,12,1,0,0,75,4,10,3,4,3.333333
0,39,13,1,0,0,75,4,10,3,4,3.333333
0,39,14,1,0,0,75,4,10,3,4,3.333333
0,39,15,1,0,0,75,4,10,3,4,3.333333
0,39,16,1,0,0,75,4,10,3,4,3.333333
0,39,17,1,0,0,75,4,10,3,4,3.333333
0,39,18,1,0,0,75,4,10,3,4,3.333333
0,39,19,1,0,0,75,4,10,3,4,3.333333
0,40,1,0.02222222,1,2,75,2,10,3,4,3.333333
0,40,2,0.02222222,1,2,75,2,10,3,4,3.333333
0,40,3,0.04444445,2,2,75,2,10,3,4,3.333333
0,40,4,0.06666667,2,3,75,2,10,3,4,3.333333
0,40,5,0.1111111,3,8,75,2,10,3,4,3.333333
0,40,6,0.1777778,5,10,75,2,10,3,4,3.333333
0,40,7,0.3111111,8,14,75,2,10,3,4,3.333333
0,40,8,0.4888889,6,14,75,2,10,3,4,3.333333
0,40,9,0.7333333,5,10,75,2,10,3,4,3.333333
0,40,10,0.9333333,3,0,75,2,10,3,4,3.333333
0,40,11,0.9777778,0,0,75,2,10,3,4,3.333333
0,40,12,1,0,0,75,2,10,3,4,3.333333
0,40,13,1,0,0,75,2,10,3,4,3.333333
0,40,14,1,0,0,75,2,10,3,4,3.333333
0,40,15,1,0,0,75,2,10,3,4,3.333333
0,40,16,1,0,0,75,2,10,3,4,3.333333
0,40,17,1,0,0,75,2,10,3,4,3.333333
0,40,18,1,0,0,75,2,10,3,4,3.333333
0,40,19,1,0,0,75,2,10,3,4,3.333333
0,41,1,0.02222222,1,1,75,1,10,3,4,3.333333
0,41,2,0.04444445,1,2,75,1,10,3,4,3.333333
0,41,3,0.06666667,2,2,75,1,10,3,4,3.333333
0,41,4,0.08888889,2,5,75,1,10,3,4,3.333333
0,41,5,0.1333333,4,12,75,1,10,3,4,3.333333
0,41,6,0.2666667,7,15,75,1,10,3,4,3.333333
0,41,7,0.4444444,7,18,75,1,10,3,4,3.333333
0,41,8,0.7333333,7,7,75,1,10,3,4,3.333333
0,41,9,0.9111111,3,2,75,1,10,3,4,3.333333
0,41,10,0.9777778,2,0,75,1,10,3,4,3.333333
0,41,11,1,0,0,75,1,10,3,4,3.333333
0,41,12,1,0,0,75,1,10,3,4,3.333333
0,41,13,1,0,0,75,1,10,3,4,3.333333
0,41,14,1,0,0,75,1,10,3,4,3.333333
0,41,15,1,0,0,75,1,10,3,4,3.333333
0,41,16,1,0,0,75,1,10,3,4,3.333333
0,41,17,1,0,0,75,1,10,3,4,3.333333
0,41,18,1,0,0,75,1,10,3,4,3.333333
0,41,19,1,0,0,75,1,10,3,4,3.333333
0,42,1,0.02222222,1,3,75,3,10,3,4,3.333333
0,42,2,0.04444445,2,5,75,3,10,3,4,3.333333
0,42,3,0.1111111,3,14,75,3,10,3,4,3.333333
0,42,4,0.2222222,7,14,75,3,10,3,4,3.333333
0,42,5,0.4666667,11,14,75,3,10,3,4,3.333333
0,42,6,0.6666667,8,10,75,3,10,3,4,3.333333
0,42,7,0.9111111,3,2,75,3,10,3,4,3.333333
0,42,8,1,0,0,75,3,10,3,4,3.333333
0,42,9,1,0,0,75,3,10,3,4,3.333333
0,42,10,1,0,0,75,3,10,3,4,3.333333
0,42,11,1,0,0,75,3,10,3,4,3.333333
0,42,12,1,0,0,75,3,10,3,4,3.333333
0,42,13,1,0,0,75,3,10,3,4,3.333333
0,42,14,1,0,0,75,3,10,3,4,3.333333
0,42,15,1,0,0,75,3,10,3,4,3.333333
0,42,16,1,0,0,75,3,10,3,4,3.333333
0,42,17,1,0,0,75,3,10,3,4,3.333333
0,42,18,1,0,0,75,3,10,3,4,3.333333
0,42,19,1,0,0,75,3,10,3,4,3.333333
0,43,1,0.02222222,1,2,75,2,10,3,4,3.333333
0,43,2,0.04444445,2,6,75,2,10,3,4,3.333333
0,43,3,0.08888889,4,12,75,2,10,3,4,3.333333
0,43,4,0.2222222,7,15,75,2,10,3,4,3.333333
0,43,5,0.4666667,10,14,75,2,10,3,4,3.333333
0,43,6,0.6666667,9,10,75,2,10,3,4,3.333333
0,43,7,0.8222222,4,5,75,2,10,3,4,3.333333
0,43,8,1,0,0,75,2,10,3,4,3.333333
0,43,9,1,0,0,75,2,10,3,4,3.333333
0,43,10,1,0,0,75,2,10,3,4,3.333333
0,43,11,1,0,0,75,2,10,3,4,3.333333
0,43,12,1,0,0,75,2,10,3,4,3.333333
0,43,13,1,0,0,75,2,10,3,4,3.333333
0,43,14,1,0,0,75,2,10,3,4,3.333333
0,43,15,1,0,0,75,2,10,3,4,3.333333
0,43,16,1,0,0,75,2,10,3,4,3.333333
0,43,17,1,0,0,75,2,10,3,4,3.333333
0,43,18,1,0,0,75,2,10,3,4,3.333333
0,43,19,1,0,0,75,2,10,3,4,3.333333
0,44,1,0.02222222,1,1,75,1,10,3,4,3.333333
0,44,2,0.04444445,1,2,75,1,10,3,4,3.333333
0,44,3,0.04444445,1,2,75,1,10,3,4,3.333333
0,44,4,0.06666667,2,4,75,1,10,3,4,3.333333
0,44,5,0.08888889,3,5,75,1,10,3,4,3.333333
0,44,6,0.1333333,4,10,75,1,10,3,4,3.333333
0,44,7,0.2222222,6,10,75,1,10,3,4,3.333333
0,44,8,0.3111111,7,12,75,1,10,3,4,3.333333
0,44,9,0.3777778,6,16,75,1,10,3,4,3.333333
0,44,10,0.6222222,11,11,75,1,10,3,4,3.333333
0,44,11,0.9111111,1,2,75,1,10,3,4,3.333333
0,44,12,0.9333333,0,2,75,1,10,3,4,3.333333
0,44,13,0.9555556,1,2,75,1,10,3,4,3.333333
0,44,14,0.9555556,1,2,75,1,10,3,4,3.333333
0,44,15,0.9777778,1,0,75,1,10,3,4,3.333333
0,44,16,1,0,0,75,1,10,3,4,3.333333
0,44,17,1,0,0,75,1,10,3,4,3.333333
0,44,18,1,0,0,75,1,10,3,4,3.333333
0,44,19,1,0,0,75,1,10,3,4,3.333333
0,45,1,0.02222222,1,2,75,2,10,3,4,3.333333
0,45,2,0.02222222,1,2,75,2,10,3,4,3.333333
0,45,3,0.06666667,2,6,75,2,10,3,4,3.333333
0,45,4,0.1777778,5,13,75,2,10,3,4,3.333333
0,45,5,0.3555556,7,11,75,2,10,3,4,3.333333
0,45,6,0.5333334,7,12,75,2,10,3,4,3.333333
0,45,7,0.8,7,4,75,2,10,3,4,3.333333
0,45,8,0.9555556,1,1,75,2,10,3,4,3.333333
0,45,9,0.9777778,1,0,75,2,10,3,4,3.333333
0,45,10,1,0,0,75,2,10,3,4,3.333333
0,45,11,1,0,0,75,2,10,3,4,3.333333
0,45,12,1,0,0,75,2,10,3,4,3.333333
0,45,13,1,0,0,75,2,10,3,4,3.333333
0,45,14,1,0,0,75,2,10,3,4,3.333333
0,45,15,1,0,0,75,2,10,3,4,3.333333
0,45,16,1,0,0,75,2,10,3,4,3.333333
0,45,17,1,0,0,75,2,10,3,4,3.333333
0,45,18,1,0,0,75,2,10,3,4,3.333333
0,45,19,1,0,0,75,2,10,3,4,3.333333
0,46,1,0.02222222,1,2,75,2,10,3,4,3.333333
0,46,2,0.04444445,2,2,75,2,10,3,4,3.333333
0,46,3,0.08888889,2,7,75,2,10,3,4,3.333333
0,46,4,0.1555556,4,10,75,2,10,3,4,3.333333
0,46,5,0.2444444,6,12,75,2,10,3,4,3.333333
0,46,6,0.4666667,8,13,75,2,10,3,4,3.333333
0,46,7,0.6444445,9,9,75,2,10,3,4,3.333333
0,46,8,0.8666667,3,5,75,2,10,3,4,3.333333
0,46,9,0.9111111,2,2,75,2,10,3,4,3.333333
0,46,10,0.9777778,0,0,75,2,10,3,4,3.333333
0,46,11,1,0,0,75,2,10,3,4,3.333333
0,46,12,1,0,0,75,2,10,3,4,3.333333
0,46,13,1,0,0,75,2,10,3,4,3.333333
0,46,14,1,0,0,75,2,10,3,4,3.333333
0,46,15,1,0,0,75,2,10,3,4,3.333333
0,46,16,1,0,0,75,2,10,3,4,3.333333
0,46,17,1,0,0,75,2,10,3,4,3.333333
0,46,18,1,0,0,75,2,10,3,4,3.333333
0,46,19,1,0,0,75,2,10,3,4,3.333333
0,47,1,0.02222222,1,3,75,3,10,3,4,3.333333
0,47,2,0.08888889,3,6,75,3,10,3,4,3.333333
0,47,3,0.1777778,5,11,75,3,10,3,4,3.333333
0,47,4,0.2666667,6,14,75,3,10,3,4,3.333333
0,47,5,0.4444444,8,13,75,3,10,3,4,3.333333
0,47,6,0.7111111,6,6,75,3,10,3,4,3.333333
0,47,7,0.8666667,3,3,75,3,10,3,4,3.333333
0,47,8,0.9111111,2,1,75,3,10,3,4,3.333333
0,47,9,0.9777778,1,0,75,3,10,3,4,3.333333
0,47,10,0.9777778,1,0,75,3,10,3,4,3.333333
0,47,11,0.9777778,1,0,75,3,10,3,4,3.333333
0,47,12,1,0,0,75,3,10,3,4,3.333333
0,47,13,1,0,0,75,3,10,3,4,3.333333
0,47,14,1,0,0,75,3,10,3,4,3.333333
0,47,15,1,0,0,75,3,10,3,4,3.333333
0,47,16,1,0,0,75,3,10,3,4,3.333333
0,47,17,1,0,0,75,3,10,3,4,3.333333
0,47,18,1,0,0,75,3,10,3,4,3.333333
0,47,19,1,0,0,75,3,10,3,4,3.333333
0,48,1,0.02222222,1,2,75,2,10,3,4,3.333333
0,48,2,0.04444445,2,3,75,2,10,3,4,3.333333
0,48,3,0.06666667,3,4,75,2,10,3,4,3.333333
0,48,4,0.08888889,3,6,75,2,10,3,4,3.333333
0,48,5,0.1555556,5,10,75,2,10,3,4,3.333333
0,48,6,0.3333333,8,15,75,2,10,3,4,3.333333
0,48,7,0.6,8,9,75,2,10,3,4,3.333333
0,48,8,0.7777778,8,5,75,2,10,3,4,3.333333
0,48,9,0.9111111,3,2,75,2,10,3,4,3.333333
0,48,10,0.9555556,2,0,75,2,10,3,4,3.333333
0,48,11,1,0,0,75,2,10,3,4,3.333333
0,48,12,1,0,0,75,2,10,3,4,3.333333
0,48,13,1,0,0,75,2,10,3,4,3.333333
0,48,14,1,0,0,75,2,10,3,4,3.333333
0,48,15,1,0,0,75,2,10,3,4,3.333333
0,48,16,1,0,0,75,2,10,3,4,3.333333
0,48,17,1,0,0,75,2,10,3,4,3.333333
0,48,18,1,0,0,75,2,10,3,4,3.333333
0,48,19,1,0,0,75,2,10,3,4,3.333333
0,49,1,0.02222222,1,2,75,2,10,3,4,3.333333
0,49,2,0.02222222,1,2,75,2,10,3,4,3.333333
0,49,3,0.06666667,2,5,75,2,10,3,4,3.333333
0,49,4,0.1111111,2,7,75,2,10,3,4,3.333333
0,49,5,0.2,5,15,75,2,10,3,4,3.333333
0,49,6,0.3777778,10,13,75,2,10,3,4,3.333333
0,49,7,0.4888889,9,11,75,2,10,3,4,3.333333
0,49,8,0.6888889,6,9,75,2,10,3,4,3.333333
0,49,9,0.8444445,4,4,75,2,10,3,4,3.333333
0,49,10,0.9333333,3,0,75,2,10,3,4,3.333333
0,49,11,1,0,0,75,2,10,3,4,3.333333
0,49,12,1,0,0,75,2,10,3,4,3.333333
0,49,13,1,0,0,75,2,10,3,4,3.333333
0,49,14,1,0,0,75,2,10,3,4,3.333333
0,49,15,1,0,0,75,2,10,3,4,3.333333
0,49,16,1,0,0,75,2,10,3,4,3.333333
0,49,17,1,0,0,75,2,10,3,4,3.333333
0,49,18,1,0,0,75,2,10,3,4,3.333333
0,49,19,1,0,0,75,2,10,3,4,3.333333
1,0,1,0.02222222,1,3,75,3,6,2,4,2.666667
1,0,2,0.08888889,3,6,75,3,6,2,4,2.666667
1,0,3,0.1333333,3,9,75,3,6,2,4,2.666667
1,0,4,0.2666667,7,16,75,3,6,2,4,2.666667
1,0,5,0.4888889,9,10,75,3,6,2,4,2.666667
1,0,6,0.6888889,5,3,75,3,6,2,4,2.666667
1,0,7,0.8222222,3,1,75,3,6,2,4,2.666667
1,0,8,0.8222222,3,1,75,3,6,2,4,2.666667
1,0,9,0.8666667,1,0,75,3,6,2,4,2.666667
1,0,10,0.8666667,1,0,75,3,6,2,4,2.666667
1,0,11,0.8888889,0,0,75,3,6,2,4,2.666667
1,0,12,0.9111111,0,0,75,3,6,2,4,2.666667
1,0,13,0.9111111,0,0,75,3,6,2,4,2.666667
1,0,14,0.9111111,0,0,75,3,6,2,4,2.666667
1,0,15,0.9111111,0,0,75,3,6,2,4,2.666667
1,0,16,0.9111111,0,0,75,3,6,2,4,2.666667
1,0,17,0.9111111,0,0,75,3,6,2,4,2.666667
1,0,18,0.9111111,0,0,75,3,6,2,4,2.666667
1,0,19,0.9111111,0,0,75,3,6,2,4,2.666667
1,1,1,0.02222222,1,2,75,2,6,2,4,2.666667
1,1,2,0.02222222,1,2,75,2,6,2,4,2.666667
1,1,3,0.02222222,1,2,75,2,6,2,4,2.666667
1,1,4,0.02222222,1,2,75,2,6,2,4,2.666667
1,1,5,0.04444445,2,5,75,2,6,2,4,2.666667
1,1,6,0.04444445,2,5,75,2,6,2,4,2.666667
1,1,7,0.1333333,4,11,75,2,6,2,4,2.666667
1,1,8,0.2666667,8,13,75,2,6,2,4,2.666667
1,1,9,0.4444444,6,8,75,2,6,2,4,2.666667
1,1,10,0.5555556,5,7,75,2,6,2,4,2.666667
1,1,11,0.6888889,5,4,75,2,6,2,4,2.666667
1,1,12,0.7555556,3,4,75,2,6,2,4,2.666667
1,1,13,0.8,2,2,75,2,6,2,4,2.666667
1,1,14,0.8222222,1,1,75,2,6,2,4,2.666667
1,1,15,0.8666667,1,1,75,2,6,2,4,2.666667
1,1,16,0.8888889,1,0,75,2,6,2,4,2.666667
1,1,17,0.8888889,1,0,75,2,6,2,4,2.666667
1,1,18,0.8888889,1,0,75,2,6,2,4,2.666667
1,1,19,0.8888889,1,0,75,2,6,2,4,2.666667
1,2,1,0.02222222,1,2,75,2,6,2,4,2.666667
1,2,2,0.02222222,1,2,75,2,6,2,4,2.666667
1,2,3,0.06666667,2,5,75,2,6,2,4,2.666667
1,2,4,0.1333333,4,9,75,2,6,2,4,2.666667
1,2,5,0.3111111,8,11,75,2,6,2,4,2.666667
1,2,6,0.4222222,9,11,75,2,6,2,4,2.666667
1,2,7,0.6,8,10,75,2,6,2,4,2.666667
1,2,8,0.7555556,6,5,75,2,6,2,4,2.666667
1,2,9,0.8222222,4,2,75,2,6,2,4,2.666667
1,2,10,0.8666667,3,1,75,2,6,2,4,2.666667
1,2,11,0.8888889,0,0,75,2,6,2,4,2.666667
1,2,12,0.9111111,0,0,75,2,6,2,4,2.666667
1,2,13,0.9111111,0,0,75,2,6,2,4,2.666667
1,2,14,0.9111111,0,0,75,2,6,2,4,2.666667
1,2,15,0.9111111,0,0,75,2,6,2,4,2.666667
1,2,16,0.9111111,0,0,75,2,6,2,4,2.666667
1,2,17,0.9111111,0,0,75,2,6,2,4,2.666667
1,2,18,0.9111111,0,0,75,2,6,2,4,2.666667
1,2,19,0.9111111,0,0,75,2,6,2,4,2.666667
1,3,1,0.02222222,1,2,75,2,6,2,4,2.666667
1,3,2,0.04444445,2,5,75,2,6,2,4,2.666667
1,3,3,0.1111111,4,8,75,2,6,2,4,2.666667
1,3,4,0.2444444,8,13,75,2,6,2,4,2.666667
1,3,5,0.4222222,11,11,75,2,6,2,4,2.666667
1,3,6,0.6666667,6,3,75,2,6,2,4,2.666667
1,3,7,0.7555556,2,1,75,2,6,2,4,2.666667
1,3,8,0.8222222,1,1,75,2,6,2,4,2.666667
1,3,9,0.8222222,1,1,75,2,6,2,4,2.666667
1,3,10,0.8444445,1,1,75,2,6,2,4,2.666667
1,3,11,0.8444445,1,1,75,2,6,2,4,2.666667
1,3,12,0.8666667,1,1,75,2,6,2,4,2.666667
1,3,13,0.8666667,1,1,75,2,6,2,4,2.666667
1,3,14,0.8666667,1,1,75,2,6,2,4,2.666667
1,3,15,0.8666667,1,1,75,2,6,2,4,2.666667
1,3,16,0.8666667,1,1,75,2,6,2,4,2.666667
1,3,17,0.8888889,1,0,75,2,6,2,4,2.666667
1,3,18,0.9111111,0,0,75,2,6,2,4,2.666667
1,3,19,0.9111111,0,0,75,2,6,2,4,2.666667
1,4,1,0.02222222,1,3,75,4,6,2,4,2.666667
1,4,2,0.06666667,3,6,75,4,6,2,4,2.666667
1,4,3,0.1111111,4,11,75,4,6,2,4,2.666667
1,4,4,0.2222222,8,12,75,4,6,2,4,2.666667
1,4,5,0.3111111,9,14,75,4,6,2,4,2.666667
1,4,6,0.4666667,10,10,75,4,6,2,4,2.666667
1,4,7,0.6,8,8,75,4,6,2,4,2.666667
1,4,8,0.7777778,2,2,75,4,6,2,4,2.666667
1,4,9,0.8888889,0,0,75,4,6,2,4,2.666667
1,4,10,0.9111111,0,0,75,4,6,2,4,2.666667
1,4,11,0.9111111,0,0,75,4,6,2,4,2.666667
1,4,12,0.9111111,0,0,75,4,6,2,4,2.666667
1,4,13,0.9111111,0,0,75,4,6,2,4,2.666667
1,4,14,0.9111111,0,0,75,4,6,2,4,2.666667
1,4,15,0.9111111,0,0,75,4,6,2,4,2.666667
1,4,16,0.9111111,0,0,75,4,6,2,4,2.666667
1,4,17,0.9111111,0,0,75,4,6,2,4,2.666667
1,4,18,0.9111111,0,0,75,4,6,2,4,2.666667
1,4,19,0.9111111,0,0,75,4,6,2,4,2.666667
1,5,1,0.02222222,1,2,75,2,6,2,4,2.666667
1,5,2,0.04444445,2,3,75,2,6,2,4,2.666667
1,5,3,0.04444445,2,3,75,2,6,2,4,2.666667
1,5,4,0.08888889,3,5,75,2,6,2,4,2.666667
1,5,5,0.1333333,4,8,75,2,6,2,4,2.666667
1,5,6,0.2888889,7,8,75,2,6,2,4,2.666667
1,5,7,0.4,7,11,75,2,6,2,4,2.666667
1,5,8,0.5555556,9,7,75,2,6,2,4,2.666667
1,5,9,0.7111111,6,5,75,2,6,2,4,2.666667
1,5,10,0.7777778,5,2,75,2,6,2,4,2.666667
1,5,11,0.8666667,1,2,75,2,6,2,4,2.666667
1,5,12,0.8666667,1,2,75,2,6,2,4,2.666667
1,5,13,0.8666667,1,2,75,2,6,2,4,2.666667
1,5,14,0.9111111,0,0,75,2,6,2,4,2.666667
1,5,15,0.9111111,0,0,75,2,6,2,4,2.666667
1,5,16,0.9111111,0,0,75,2,6,2,4,2.666667
1,5,17,0.9111111,0,0,75,2,6,2,4,2.666667
1,5,18,0.9111111,0,0,75,2,6,2,4,2.666667
1,5,19,0.9111111,0,0,75,2,6,2,4,2.666667
1,6,1,0.02222222,1,4,75,4,6,2,4,2.666667
1,6,2,0.08888889,3,9,75,4,6,2,4,2.666667
1,6,3,0.2,6,12,75,4,6,2,4,2.666667
1,6,4,0.4222222,8,14,75,4,6,2,4,2.666667
1,6,5,0.6,6,6,75,4,6,2,4,2.666667
1,6,6,0.7111111,2,4,75,4,6,2,4,2.666667
1,6,7,0.7555556,3,3,75,4,6,2,4,2.666667
1,6,8,0.8222222,3,2,75,4,6,2,4,2.666667
1,6,9,0.8444445,3,0,75,4,6,2,4,2.666667
1,6,10,0.8444445,3,0,75,4,6,2,4,2.666667
1,6,11,0.8888889,0,0,75,4,6,2,4,2.666667
1,6,12,0.9111111,0,0,75,4,6,2,4,2.666667
1,6,13,0.9111111,0,0,75,4,6,2,4,2.666667
1,6,14,0.9111111,0,0,75,4,6,2,4,2.666667
1,6,15,0.9111111,0,0,75,4,6,2,4,2.666667
1,6,16,0.9111111,0,0,75,4,6,2,4,2.666667
1,6,17,0.9111111,0,0,75,4,6,2,4,2.666667
1,6,18,0.9111111,0,0,75,4,6,2,4,2.666667
1,6,19,0.9111111,0,0,75,4,6,2,4,2.666667
1,7,1,0.02222222,1,2,75,2,6,2,4,2.666667
1,7,2,0.04444445,2,5,75,2,6,2,4,2.666667
1,7,3,0.08888889,3,8,75,2,6,2,4,2.666667
1,7,4,0.1777778,6,13,75,2,6,2,4,2.666667
1,7,5,0.2666667,9,16,75,2,6,2,4,2.666667
1,7,6,0.4888889,12,9,75,2,6,2,4,2.666667
1,7,7,0.6444445,4,7,75,2,6,2,4,2.666667
1,7,8,0.7777778,4,1,75,2,6,2,4,2.666667
1,7,9,0.8444445,2,1,75,2,6,2,4,2.666667
1,7,10,0.8666667,1,1,75,2,6,2,4,2.666667
1,7,11,0.8888889,1,0,75,2,6,2,4,2.666667
1,7,12,0.9111111,0,0,75,2,6,2,4,2.666667
1,7,13,0.9111111,0,0,75,2,6,2,4,2.666667
1,7,14,0.9111111,0,0,75,2,6,2,4,2.666667
1,7,15,0.9111111,0,0,75,2,6,2,4,2.666667
1,7,16,0.9111111,0,0,75,2,6,2,4,2.666667
1,7,17,0.9111111,0,0,75,2,6,2,4,2.666667
1,7,18,0.9111111,0,0,75,2,6,2,4,2.666667
1,7,19,0.9111111,0,0,75,2,6,2,4,2.666667
1,8,1,0.02222222,1,1,75,2,6,2,4,2.666667
1,8,2,0.04444445,1,1,75,2,6,2,4,2.666667
1,8,3,0.06666667,1,4,75,2,6,2,4,2.666667
1,8,4,0.08888889,2,4,75,2,6,2,4,2.666667
1,8,5,0.1111111,3,5,75,2,6,2,4,2.666667
1,8,6,0.1333333,3,5,75,2,6,2,4,2.666667
1,8,7,0.2,5,10,75,2,6,2,4,2.666667
1,8,8,0.2444444,7,11,75,2,6,2,4,2.666667
1,8,9,0.3555556,8,9,75,2,6,2,4,2.666667
1,8,10,0.4888889,6,10,75,2,6,2,4,2.666667
1,8,11,0.7111111,4,3,75,2,6,2,4,2.666667
1,8,12,0.8,2,1,75,2,6,2,4,2.666667
1,8,13,0.8444445,1,1,75,2,6,2,4,2.666667
1,8,14,0.8888889,1,0,75,2,6,2,4,2.666667
1,8,15,0.9111111,0,0,75,2,6,2,4,2.666667
1,8,16,0.9111111,0,0,75,2,6,2,4,2.666667
1,8,17,0.9111111,0,0,75,2,6,2,4,2.666667
1,8,18,0.9111111,0,0,75,2,6,2,4,2.666667
1,8,19,0.9111111,0,0,75,2,6,2,4,2.666667
1,9,1,0.02222222,1,5,75,5,6,2,4,2.666667
1,9,2,0.1333333,5,11,75,5,6,2,4,2.666667
1,9,3,0.3111111,8,15,75,5,6,2,4,2.666667
1,9,4,0.5333334,10,8,75,5,6,2,4,2.666667
1,9,5,0.6222222,6,3,75,5,6,2,4,2.666667
1,9,6,0.8222222,1,1,75,5,6,2,4,2.666667
1,9,7,0.8666667,1,0,75,5,6,2,4,2.666667
1,9,8,0.9111111,0,0,75,5,6,2,4,2.666667
1,9,9,0.9111111,0,0,75,5,6,2,4,2.666667
1,9,10,0.9111111,0,0,75,5,6,2,4,2.666667
1,9,11,0.9111111,0,0,75,5,6,2,4,2.666667
1,9,12,0.9111111,0,0,75,5,6,2,4,2.666667
1,9,13,0.9111111,0,0,75,5,6,2,4,2.666667
1,9,14,0.9111111,0,0,75,5,6,2,4,2.666667
1,9,15,0.9111111,0,0,75,5,6,2,4,2.666667
1,9,16,0.9111111,0,0,75,5,6,2,4,2.666667
1,9,17,0.9111111,0,0,75,5,6,2,4,2.666667
1,9,18,0.9111111,0,0,75,5,6,2,4,2.666667
1,9,19,0.9111111,0,0,75,5,6,2,4,2.666667
1,10,1,0.02222222,1,1,75,1,6,2,4,2.666667
1,10,2,0.04444445,1,4,75,1,6,2,4,2.666667
1,10,3,0.06666667,2,7,75,1,6,2,4,2.666667
1,10,4,0.1555556,5,11,75,1,6,2,4,2.666667
1,10,5,0.4,8,10,75,1,6,2,4,2.666667
1,10,6,0.5111111,8,8,75,1,6,2,4,2.666667
1,10,7,0.6666667,5,5,75,1,6,2,4,2.666667
1,10,8,0.7555556,4,2,75,1,6,2,4,2.666667
1,10,9,0.8444445,2,1,75,1,6,2,4,2.666667
1,10,10,0.8666667,1,1,75,1,6,2,4,2.666667
1,10,11,0.8888889,1,0,75,1,6,2,4,2.666667
1,10,12,0.8888889,1,0,75,1,6,2,4,2.666667
1,10,13,0.9111111,0,0,75,1,6,2,4,2.666667
1,10,14,0.9111111,0,0,75,1,6,2,4,2.666667
1,10,15,0.9111111,0,0,75,1,6,2,4,2.666667
1,10,16,0.9111111,0,0,75,1,6,2,4,2.666667
1,10,17,0.9111111,0,0,75,1,6,2,4,2.666667
1,10,18,0.9111111,0,0,75,1,6,2,4,2.666667
1,10,19,0.9111111,0,0,75,1,6,2,4,2.666667
1,11,1,0.02222222,1,2,75,2,6,2,4,2.666667
1,11,2,0.02222222,1,2,75,2,6,2,4,2.666667
1,11,3,0.04444445,2,3,75,2,6,2,4,2.666667
1,11,4,0.04444445,2,3,75,2,6,2,4,2.666667
1,11,5,0.06666667,2,7,75,2,6,2,4,2.666667
1,11,6,0.08888889,3,6,75,2,6,2,4,2.666667
1,11,7,0.1333333,5,8,75,2,6,2,4,2.666667
1,11,8,0.2888889,7,10,75,2,6,2,4,2.666667
1,11,9,0.5111111,6,8,75,2,6,2,4,2.666667
1,11,10,0.6222222,7,3,75,2,6,2,4,2.666667
1,11,11,0.7555556,2,1,75,2,6,2,4,2.666667
1,11,12,0.8444445,2,1,75,2,6,2,4,2.666667
1,11,13,0.8666667,1,1,75,2,6,2,4,2.666667
1,11,14,0.8888889,1,0,75,2,6,2,4,2.666667
1,11,15,0.8888889,1,0,75,2,6,2,4,2.666667
1,11,16,0.8888889,1,0,75,2,6,2,4,2.666667
1,11,17,0.8888889,1,0,75,2,6,2,4,2.666667
1,11,18,0.9111111,0,0,75,2,6,2,4,2.666667
1,11,19,0.9111111,0,0,75,2,6,2,4,2.666667
1,12,1,0.02222222,1,1,75,1,6,2,4,2.666667
1,12,2,0.04444445,1,3,75,1,6,2,4,2.666667
1,12,3,0.06666667,2,7,75,1,6,2,4,2.666667
1,12,4,0.1111111,3,11,75,1,6,2,4,2.666667
1,12,5,0.2,6,14,75,1,6,2,4,2.666667
1,12,6,0.4,7,13,75,1,6,2,4,2.666667
1,12,7,0.5777778,10,4,75,1,6,2,4,2.666667
1,12,8,0.7111111,5,2,75,1,6,2,4,2.666667
1,12,9,0.8444445,2,1,75,1,6,2,4,2.666667
1,12,10,0.8666667,2,0,75,1,6,2,4,2.666667
1,12,11,0.8888889,1,0,75,1,6,2,4,2.666667
1,12,12,0.8888889,1,0,75,1,6,2,4,2.666667
1,12,13,0.9111111,0,0,75,1,6,2,4,2.666667
1,12,14,0.9111111,0,0,75,1,6,2,4,2.666667
1,12,15,0.9111111,0,0,75,1,6,2,4,2.666667
1,12,16,0.9111111,0,0,75,1,6,2,4,2.666667
1,12,17,0.9111111,0,0,75,1,6,2,4,2.666667
1,12,18,0.9111111,0,0,75,1,6,2,4,2.666667
1,12,19,0.9111111,0,0,75,1,6,2,4,2.666667
1,13,1,0.02222222,1,2,75,2,6,2,4,2.666667
1,13,2,0.04444445,2,6,75,2,6,2,4,2.666667
1,13,3,0.06666667,3,8,75,2,6,2,4,2.666667
1,13,4,0.1777778,6,10,75,2,6,2,4,2.666667
1,13,5,0.2888889,7,12,75,2,6,2,4,2.666667
1,13,6,0.4444444,6,11,75,2,6,2,4,2.666667
1,13,7,0.5555556,4,9,75,2,6,2,4,2.666667
1,13,8,0.7111111,4,3,75,2,6,2,4,2.666667
1,13,9,0.8,1,1,75,2,6,2,4,2.666667
1,13,10,0.8444445,1,1,75,2,6,2,4,2.666667
1,13,11,0.8666667,1,1,75,2,6,2,4,2.666667
1,13,12,0.8888889,1,0,75,2,6,2,4,2.666667
1,13,13,0.9111111,0,0,75,2,6,2,4,2.666667
1,13,14,0.9111111,0,0,75,2,6,2,4,2.666667
1,13,15,0.9111111,0,0,75,2,6,2,4,2.666667
1,13,16,0.9111111,0,0,75,2,6,2,4,2.666667
1,13,17,0.9111111,0,0,75,2,6,2,4,2.666667
1,13,18,0.9111111,0,0,75,2,6,2,4,2.666667
1,13,19,0.9111111,0,0,75,2,6,2,4,2.666667
1,14,1,0.02222222,1,2,75,2,6,2,4,2.666667
1,14,2,0.02222222,1,2,75,2,6,2,4,2.666667
1,14,3,0.02222222,1,2,75,2,6,2,4,2.666667
1,14,4,0.02222222,1,2,75,2,6,2,4,2.666667
1,14,5,0.02222222,1,2,75,2,6,2,4,2.666667
1,14,6,0.04444445,2,5,75,2,6,2,4,2.666667
1,14,7,0.06666667,3,8,75,2,6,2,4,2.666667
1,14,8,0.1111111,5,9,75,2,6,2,4,2.666667
1,14,9,0.2888889,7,10,75,2,6,2,4,2.666667
1,14,10,0.4666667,10,9,75,2,6,2,4,2.666667
1,14,11,0.6444445,5,5,75,2,6,2,4,2.666667
1,14,12,0.7777778,2,2,75,2,6,2,4,2.666667
1,14,13,0.8222222,1,1,75,2,6,2,4,2.666667
1,14,14,0.8666667,1,1,75,2,6,2,4,2.666667
1,14,15,0.8888889,1,0,75,2,6,2,4,2.666667
1,14,16,0.8888889,1,0,75,2,6,2,4,2.666667
1,14,17,0.8888889,1,0,75,2,6,2,4,2.666667
1,14,18,0.9111111,0,0,75,2,6,2,4,2.666667
1,14,19,0.9111111,0,0,75,2,6,2,4,2.666667
1,15,1,0.02222222,1,3,75,4,6,2,4,2.666667
1,15,2,0.06666667,3,9,75,4,6,2,4,2.666667
1,15,3,0.1777778,6,11,75,4,6,2,4,2.666667
1,15,4,0.3111111,8,13,75,4,6,2,4,2.666667
1,15,5,0.4222222,7,11,75,4,6,2,4,2.666667
1,15,6,0.6444445,6,5,75,4,6,2,4,2.666667
1,15,7,0.7111111,4,4,75,4,6,2,4,2.666667
1,15,8,0.7777778,3,2,75,4,6,2,4,2.666667
1,15,9,0.8222222,2,1,75,4,6,2,4,2.666667
1,15,10,0.8222222,2,1,75,4,6,2,4,2.666667
1,15,11,0.8444445,1,1,75,4,6,2,4,2.666667
1,15,12,0.8666667,1,1,75,4,6,2,4,2.666667
1,15,13,0.8888889,1,0,75,4,6,2,4,2.666667
1,15,14,0.9111111,0,0,75,4,6,2,4,2.666667
1,15,15,0.9111111,0,0,75,4,6,2,4,2.666667
1,15,16,0.9111111,0,0,75,4,6,2,4,2.666667
1,15,17,0.9111111,0,0,75,4,6,2,4,2.666667
1,15,18,0.9111111,0,0,75,4,6,2,4,2.666667
1,15,19,0.9111111,0,0,75,4,6,2,4,2.666667
1,16,1,0.02222222,1,5,75,5,6,2,4,2.666667
1,16,2,0.02222222,1,5,75,5,6,2,4,2.666667
1,16,3,0.1111111,4,12,75,5,6,2,4,2.666667
1,16,4,0.2222222,8,12,75,5,6,2,4,2.666667
1,16,5,0.3777778,9,13,75,5,6,2,4,2.666667
1,16,6,0.6222222,7,5,75,5,6,2,4,2.666667
1,16,7,0.8,3,1,75,5,6,2,4,2.666667
1,16,8,0.8666667,1,1,75,5,6,2,4,2.666667
1,16,9,0.8666667,1,1,75,5,6,2,4,2.666667
1,16,10,0.8666667,1,1,75,5,6,2,4,2.666667
1,16,11,0.8666667,1,1,75,5,6,2,4,2.666667
1,16,12,0.8666667,1,1,75,5,6,2,4,2.666667
1,16,13,0.8666667,1,1,75,5,6,2,4,2.666667
1,16,14,0.8666667,1,1,75,5,6,2,4,2.666667
1,16,15,0.8666667,1,1,75,5,6,2,4,2.666667
1,16,16,0.8666667,1,1,75,5,6,2,4,2.666667
1,16,17,0.8666667,1,1,75,5,6,2,4,2.666667
1,16,18,0.8666667,1,1,75,5,6,2,4,2.666667
1,16,19,0.8666667,1,1,75,5,6,2,4,2.666667
1,17,1,0.02222222,1,6,75,6,6,2,4,2.666667
1,17,2,0.08888889,4,7,75,6,6,2,4,2.666667
1,17,3,0.2222222,6,11,75,6,6,2,4,2.666667
1,17,4,0.3111111,7,11,75,6,6,2,4,2.666667
1,17,5,0.4444444,8,11,75,6,6,2,4,2.666667
1,17,6,0.6888889,6,5,75,6,6,2,4,2.666667
1,17,7,0.7555556,6,4,75,6,6,2,4,2.666667
1,17,8,0.8222222,3,1,75,6,6,2,4,2.666667
1,17,9,0.8666667,2,0,75,6,6,2,4,2.666667
1,17,10,0.8888889,1,0,75,6,6,2,4,2.666667
1,17,11,0.8888889,1,0,75,6,6,2,4,2.666667
1,17,12,0.8888889,1,0,75,6,6,2,4,2.666667
1,17,13,0.9111111,0,0,75,6,6,2,4,2.666667
1,17,14,0.9111111,0,0,75,6,6,2,4,2.666667
1,17,15,0.9111111,0,0,75,6,6,2,4,2.666667
1,17,16,0.9111111,0,0,75,6,6,2,4,2.666667
1,17,17,0.9111111,0,0,75,6,6,2,4,2.666667
1,17,18,0.9111111,0,0,75,6,6,2,4,2.666667
1,17,19,0.9111111,0,0,75,6,6,2,4,2.666667
1,18,1,0.02222222,1,3,75,4,6,2,4,2.666667
1,18,2,0.04444445,1,3,75,4,6,2,4,2.666667
1,18,3,0.1111111,3,9,75,4,6,2,4,2.666667
1,18,4,0.2222222,6,9,75,4,6,2,4,2.666667
1,18,5,0.3555556,7,13,75,4,6,2,4,2.666667
1,18,6,0.5333334,7,8,75,4,6,2,4,2.666667
1,18,7,0.7555556,4,1,75,4,6,2,4,2.666667
1,18,8,0.8444445,1,0,75,4,6,2,4,2.666667
1,18,9,0.8888889,0,0,75,4,6,2,4,2.666667
1,18,10,0.8888889,0,0,75,4,6,2,4,2.666667
1,18,11,0.9111111,0,0,75,4,6,2,4,2.666667
1,18,12,0.9111111,0,0,75,4,6,2,4,2.666667
1,18,13,0.9111111,0,0,75,4,6,2,4,2.666667
1,18,14,0.9111111,0,0,75,4,6,2,4,2.666667
1,18,15,0.9111111,0,0,75,4,6,2,4,2.666667
1,18,16,0.9111111,0,0,75,4,6,2,4,2.666667
1,18,17,0.9111111,0,0,75,4,6,2,4,2.666667
1,18,18,0.9111111,0,0,75,4,6,2,4,2.666667
1,18,19,0.9111111,0,0,75,4,6,2,4,2.666667
1,19,1,0.02222222,1,2,75,2,6,2,4,2.666667
1,19,2,0.06666667,2,3,75,2,6,2,4,2.666667
1,19,3,0.06666667,2,3,75,2,6,2,4,2.666667
1,19,4,0.1111111,3,7,75,2,6,2,4,2.666667
1,19,5,0.2222222,5,10,75,2,6,2,4,2.666667
1,19,6,0.3555556,6,15,75,2,6,2,4,2.666667
1,19,7,0.5555556,10,9,75,2,6,2,4,2.666667
1,19,8,0.6888889,7,4,75,2,6,2,4,2.666667
1,19,9,0.7555556,4,1,75,2,6,2,4,2.666667
1,19,10,0.8444445,1,1,75,2,6,2,4,2.666667
1,19,11,0.8888889,1,0,75,2,6,2,4,2.666667
1,19,12,0.9111111,0,0,75,2,6,2,4,2.666667
1,19,13,0.9111111,0,0,75,2,6,2,4,2.666667
1,19,14,0.9111111,0,0,75,2,6,2,4,2.666667
1,19,15,0.9111111,0,0,75,2,6,2,4,2.666667
1,19,16,0.9111111,0,0,75,2,6,2,4,2.666667
1,19,17,0.9111111,0,0,75,2,6,2,4,2.666667
1,19,18,0.9111111,0,0,75,2,6,2,4,2.666667
1,19,19,0.9111111,0,0,75,2,6,2,4,2.666667
1,20,1,0.02222222,1,3,75,3,6,2,4,2.666667
1,20,2,0.08888889,3,9,75,3,6,2,4,2.666667
1,20,3,0.2444444,8,11,75,3,6,2,4,2.666667
1,20,4,0.4222222,7,10,75,3,6,2,4,2.666667
1,20,5,0.5555556,6,6,75,3,6,2,4,2.666667
1,20,6,0.6888889,4,6,75,3,6,2,4,2.666667
1,20,7,0.7555556,3,4,75,3,6,2,4,2.666667
1,20,8,0.8,2,1,75,3,6,2,4,2.666667
1,20,9,0.8,2,1,75,3,6,2,4,2.666667
1,20,10,0.8444445,1,1,75,3,6,2,4,2.666667
1,20,11,0.8666667,1,1,75,3,6,2,4,2.666667
1,20,12,0.8666667,1,1,75,3,6,2,4,2.666667
1,20,13,0.8888889,1,0,75,3,6,2,4,2.666667
1,20,14,0.8888889,1,0,75,3,6,2,4,2.666667
1,20,15,0.8888889,1,0,75,3,6,2,4,2.666667
1,20,16,0.8888889,1,0,75,3,6,2,4,2.666667
1,20,17,0.8888889,1,0,75,3,6,2,4,2.666667
1,20,18,0.8888889,1,0,75,3,6,2,4,2.666667
1,20,19,0.8888889,1,0,75,3,6,2,4,2.666667
1,21,1,0.02222222,1,3,75,3,6,2,4,2.666667
1,21,2,0.06666667,3,5,75,3,6,2,4,2.666667
1,21,3,0.1111111,4,6,75,3,6,2,4,2.666667
1,21,4,0.2222222,5,7,75,3,6,2,4,2.666667
1,21,5,0.2666667,4,9,75,3,6,2,4,2.666667
1,21,6,0.4,5,12,75,3,6,2,4,2.666667
1,21,7,0.5333334,5,13,75,3,6,2,4,2.666667
1,21,8,0.6666667,5,7,75,3,6,2,4,2.666667
1,21,9,0.7555556,3,2,75,3,6,2,4,2.666667
1,21,10,0.8666667,1,0,75,3,6,2,4,2.666667
1,21,11,0.9111111,0,0,75,3,6,2,4,2.666667
1,21,12,0.9111111,0,0,75,3,6,2,4,2.666667
1,21,13,0.9111111,0,0,75,3,6,2,4,2.666667
1,21,14,0.9111111,0,0,75,3,6,2,4,2.666667
1,21,15,0.9111111,0,0,75,3,6,2,4,2.666667
1,21,16,0.9111111,0,0,75,3,6,2,4,2.666667
1,21,17,0.9111111,0,0,75,3,6,2,4,2.666667
1,21,18,0.9111111,0,0,75,3,6,2,4,2.666667
1,21,19,0.9111111,0,0,75,3,6,2,4,2.666667
1,22,1,0.02222222,1,1,75,1,6,2,4,2.666667
1,22,2,0.04444445,1,1,75,1,6,2,4,2.666667
1,22,3,0.04444445,1,1,75,1,6,2,4,2.666667
1,22,4,0.04444445,1,1,75,1,6,2,4,2.666667
1,22,5,0.06666667,1,1,75,1,6,2,4,2.666667
1,22,6,0.08888889,1,2,75,1,6,2,4,2.666667
1,22,7,0.1111111,2,2,75,1,6,2,4,2.666667
1,22,8,0.1111111,2,2,75,1,6,2,4,2.666667
1,22,9,0.1333333,2,4,75,1,6,2,4,2.666667
1,22,10,0.1555556,2,6,75,1,6,2,4,2.666667
1,22,11,0.2222222,4,8,75,1,6,2,4,2.666667
1,22,12,0.3111111,6,10,75,1,6,2,4,2.666667
1,22,13,0.4888889,6,10,75,1,6,2,4,2.666667
1,22,14,0.5777778,6,7,75,1,6,2,4,2.666667
1,22,15,0.7555556,5,1,75,1,6,2,4,2.666667
1,22,16,0.8444445,0,1,75,1,6,2,4,2.666667
1,22,17,0.8888889,1,0,75,1,6,2,4,2.666667
1,22,18,0.8888889,1,0,75,1,6,2,4,2.666667
1,22,19,0.9111111,0,0,75,1,6,2,4,2.666667
1,23,1,0.02222222,1,2,75,2,6,2,4,2.666667
1,23,2,0.04444445,2,4,75,2,6,2,4,2.666667
1,23,3,0.04444445,2,4,75,2,6,2,4,2.666667
1,23,4,0.08888889,3,8,75,2,6,2,4,2.666667
1,23,5,0.2,6,10,75,2,6,2,4,2.666667
1,23,6,0.3333333,7,10,75,2,6,2,4,2.666667
1,23,7,0.5111111,6,11,75,2,6,2,4,2.666667
1,23,8,0.6444445,6,5,75,2,6,2,4,2.666667
1,23,9,0.8,4,2,75,2,6,2,4,2.666667
1,23,10,0.8444445,3,0,75,2,6,2,4,2.666667
1,23,11,0.8888889,0,0,75,2,6,2,4,2.666667
1,23,12,0.9111111,0,0,75,2,6,2,4,2.666667
1,23,13,0.9111111,0,0,75,2,6,2,4,2.666667
1,23,14,0.9111111,0,0,75,2,6,2,4,2.666667
1,23,15,0.9111111,0,0,75,2,6,2,4,2.666667
1,23,16,0.9111111,0,0,75,2,6,2,4,2.666667
1,23,17,0.9111111,0,0,75,2,6,2,4,2.666667
1,23,18,0.9111111,0,0,75,2,6,2,4,2.666667
1,23,19,0.9111111,0,0,75,2,6,2,4,2.666667
1,24,1,0.02222222,1,1,75,1,6,2,4,2.666667
1,24,2,0.02222222,1,1,75,1,6,2,4,2.666667
1,24,3,0.04444445,1,3,75,1,6,2,4,2.666667
1,24,4,0.06666667,2,5,75,1,6,2,4,2.666667
1,24,5,0.1333333,3,7,75,1,6,2,4,2.666667
1,24,6,0.2222222,4,9,75,1,6,2,4,2.666667
1,24,7,0.3555556,7,9,75,1,6,2,4,2.666667
1,24,8,0.5333334,5,9,75,1,6,2,4,2.666667
1,24,9,0.6222222,6,8,75,1,6,2,4,2.666667
1,24,10,0.7333333,4,1,75,1,6,2,4,2.666667
1,24,11,0.8222222,1,1,75,1,6,2,4,2.666667
1,24,12,0.8444445,0,1,75,1,6,2,4,2.666667
1,24,13,0.8444445,0,1,75,1,6,2,4,2.666667
1,24,14,0.8888889,1,0,75,1,6,2,4,2.666667
1,24,15,0.9111111,0,0,75,1,6,2,4,2.666667
1,24,16,0.9111111,0,0,75,1,6,2,4,2.666667
1,24,17,0.9111111,0,0,75,1,6,2,4,2.666667
1,24,18,0.9111111,0,0,75,1,6,2,4,2.666667
1,24,19,0.9111111,0,0,75,1,6,2,4,2.666667
1,25,1,0.02222222,1,4,75,4,6,2,4,2.666667
1,25,2,0.06666667,3,5,75,4,6,2,4,2.666667
1,25,3,0.1111111,4,9,75,4,6,2,4,2.666667
1,25,4,0.2,7,12,75,4,6,2,4,2.666667
1,25,5,0.3111111,8,11,75,4,6,2,4,2.666667
1,25,6,0.5111111,9,9,75,4,6,2,4,2.666667
1,25,7,0.6888889,7,4,75,4,6,2,4,2.666667
1,25,8,0.8,3,2,75,4,6,2,4,2.666667
1,25,9,0.8444445,1,1,75,4,6,2,4,2.666667
1,25,10,0.8666667,0,1,75,4,6,2,4,2.666667
1,25,11,0.8666667,0,1,75,4,6,2,4,2.666667
1,25,12,0.8888889,1,0,75,4,6,2,4,2.666667
1,25,13,0.8888889,1,0,75,4,6,2,4,2.666667
1,25,14,0.9111111,0,0,75,4,6,2,4,2.666667
1,25,15,0.9111111,0,0,75,4,6,2,4,2.666667
1,25,16,0.9111111,0,0,75,4,6,2,4,2.666667
1,25,17,0.9111111,0,0,75,4,6,2,4,2.666667
1,25,18,0.9111111,0,0,75,4,6,2,4,2.666667
1,25,19,0.9111111,0,0,75,4,6,2,4,2.666667
1,26,1,0.02222222,1,1,75,1,6,2,4,2.666667
1,26,2,0.02222222,1,1,75,1,6,2,4,2.666667
1,26,3,0.02222222,1,1,75,1,6,2,4,2.666667
1,26,4,0.02222222,1,1,75,1,6,2,4,2.666667
1,26,5,0.04444445,1,1,75,1,6,2,4,2.666667
1,26,6,0.04444445,1,1,75,1,6,2,4,2.666667
1,26,7,0.06666667,1,1,75,1,6,2,4,2.666667
1,26,8,0.06666667,1,1,75,1,6,2,4,2.666667
1,26,9,0.08888889,1,2,75,1,6,2,4,2.666667
1,26,10,0.1111111,2,4,75,1,6,2,4,2.666667
1,26,11,0.1777778,3,5,75,1,6,2,4,2.666667
1,26,12,0.2444444,4,10,75,1,6,2,4,2.666667
1,26,13,0.3777778,9,12,75,1,6,2,4,2.666667
1,26,14,0.6,8,6,75,1,6,2,4,2.666667
1,26,15,0.7777778,3,1,75,1,6,2,4,2.666667
1,26,16,0.8444445,2,1,75,1,6,2,4,2.666667
1,26,17,0.8444445,2,1,75,1,6,2,4,2.666667
1,26,18,0.8666667,0,1,75,1,6,2,4,2.666667
1,26,19,0.8666667,0,1,75,1,6,2,4,2.666667
1,27,1,0.02222222,1,1,75,2,6,2,4,2.666667
1,27,2,0.04444445,1,1,75,2,6,2,4,2.666667
1,27,3,0.04444445,1,1,75,2,6,2,4,2.666667
1,27,4,0.06666667,1,4,75,2,6,2,4,2.666667
1,27,5,0.1333333,3,7,75,2,6,2,4,2.666667
1,27,6,0.2,5,11,75,2,6,2,4,2.666667
1,27,7,0.4,9,12,75,2,6,2,4,2.666667
1,27,8,0.5333334,10,5,75,2,6,2,4,2.666667
1,27,9,0.7555556,2,1,75,2,6,2,4,2.666667
1,27,10,0.8,1,1,75,2,6,2,4,2.666667
1,27,11,0.8444445,1,1,75,2,6,2,4,2.666667
1,27,12,0.8888889,1,0,75,2,6,2,4,2.666667
1,27,13,0.9111111,0,0,75,2,6,2,4,2.666667
1,27,14,0.9111111,0,0,75,2,6,2,4,2.666667
1,27,15,0.9111111,0,0,75,2,6,2,4,2.666667
1,27,16,0.9111111,0,0,75,2,6,2,4,2.666667
1,27,17,0.9111111,0,0,75,2,6,2,4,2.666667
1,27,18,0.9111111,0,0,75,2,6,2,4,2.666667
1,27,19,0.9111111,0,0,75,2,6,2,4,2.666667
1,28,1,0.02222222,1,2,75,2,6,2,4,2.666667
1,28,2,0.04444445,2,3,75,2,6,2,4,2.666667
1,28,3,0.06666667,2,3,75,2,6,2,4,2.666667
1,28,4,0.08888889,3,6,75,2,6,2,4,2.666667
1,28,5,0.1777778,5,10,75,2,6,2,4,2.666667
1,28,6,0.2444444,6,12,75,2,6,2,4,2.666667
1,28,7,0.3777778,8,11,75,2,6,2,4,2.666667
1,28,8,0.5777778,8,9,75,2,6,2,4,2.666667
1,28,9,0.7777778,3,3,75,2,6,2,4,2.666667
1,28,10,0.8222222,4,1,75,2,6,2,4,2.666667
1,28,11,0.8666667,1,1,75,2,6,2,4,2.666667
1,28,12,0.8666667,1,1,75,2,6,2,4,2.666667
1,28,13,0.8666667,1,1,75,2,6,2,4,2.666667
1,28,14,0.8666667,1,1,75,2,6,2,4,2.666667
1,28,15,0.8888889,1,0,75,2,6,2,4,2.666667
1,28,16,0.8888889,1,0,75,2,6,2,4,2.666667
1,28,17,0.9111111,0,0,75,2,6,2,4,2.666667
1,28,18,0.9111111,0,0,75,2,6,2,4,2.666667
1,28,19,0.9111111,0,0,75,2,6,2,4,2.666667
1,29,1,0.02222222,1,5,75,5,6,2,4,2.666667
1,29,2,0.08888889,4,10,75,5,6,2,4,2.666667
1,29,3,0.1777778,7,13,75,5,6,2,4,2.666667
1,29,4,0.4,9,14,75,5,6,2,4,2.666667
1,29,5,0.6444445,7,4,75,5,6,2,4,2.666667
1,29,6,0.7555556,1,1,75,5,6,2,4,2.666667
1,29,7,0.8444445,1,1,75,5,6,2,4,2.666667
1,29,8,0.8666667,1,1,75,5,6,2,4,2.666667
1,29,9,0.8888889,1,0,75,5,6,2,4,2.666667
1,29,10,0.9111111,0,0,75,5,6,2,4,2.666667
1,29,11,0.9111111,0,0,75,5,6,2,4,2.666667
1,29,12,0.9111111,0,0,75,5,6,2,4,2.666667
1,29,13,0.9111111,0,0,75,5,6,2,4,2.666667
1,29,14,0.9111111,0,0,75,5,6,2,4,2.666667
1,29,15,0.9111111,0,0,75,5,6,2,4,2.666667
1,29,16,0.9111111,0,0,75,5,6,2,4,2.666667
1,29,17,0.9111111,0,0,75,5,6,2,4,2.666667
1,29,18,0.9111111,0,0,75,5,6,2,4,2.666667
1,29,19,0.9111111,0,0,75,5,6,2,4,2.666667
1,30,1,0.02222222,1,3,75,3,6,2,4,2.666667
1,30,2,0.06666667,3,6,75,3,6,2,4,2.666667
1,30,3,0.1111111,4,6,75,3,6,2,4,2.666667
1,30,4,0.1777778,5,9,75,3,6,2,4,2.666667
1,30,5,0.2666667,6,10,75,3,6,2,4,2.666667
1,30,6,0.4,9,11,75,3,6,2,4,2.666667
1,30,7,0.5555556,8,3,75,3,6,2,4,2.666667
1,30,8,0.7555556,3,1,75,3,6,2,4,2.666667
1,30,9,0.8,1,1,75,3,6,2,4,2.666667
1,30,10,0.8222222,1,1,75,3,6,2,4,2.666667
1,30,11,0.8444445,1,1,75,3,6,2,4,2.666667
1,30,12,0.8666667,1,0,75,3,6,2,4,2.666667
1,30,13,0.8888889,1,0,75,3,6,2,4,2.666667
1,30,14,0.8888889,1,0,75,3,6,2,4,2.666667
1,30,15,0.9111111,0,0,75,3,6,2,4,2.666667
1,30,16,0.9111111,0,0,75,3,6,2,4,2.666667
1,30,17,0.9111111,0,0,75,3,6,2,4,2.666667
1,30,18,0.9111111,0,0,75,3,6,2,4,2.666667
1,30,19,0.9111111,0,0,75,3,6,2,4,2.666667
1,31,1,0.02222222,1,1,75,2,6,2,4,2.666667
1,31,2,0.02222222,1,1,75,2,6,2,4,2.666667
1,31,3,0.06666667,1,4,75,2,6,2,4,2.666667
1,31,4,0.1333333,3,7,75,2,6,2,4,2.666667
1,31,5,0.2,6,10,75,2,6,2,4,2.666667
1,31,6,0.3111111,6,10,75,2,6,2,4,2.666667
1,31,7,0.4222222,8,10,75,2,6,2,4,2.666667
1,31,8,0.5555556,7,8,75,2,6,2,4,2.666667
1,31,9,0.6666667,5,6,75,2,6,2,4,2.666667
1,31,10,0.7111111,3,4,75,2,6,2,4,2.666667
1,31,11,0.7333333,3,2,75,2,6,2,4,2.666667
1,31,12,0.8444445,1,1,75,2,6,2,4,2.666667
1,31,13,0.8666667,1,1,75,2,6,2,4,2.666667
1,31,14,0.8888889,1,0,75,2,6,2,4,2.666667
1,31,15,0.8888889,1,0,75,2,6,2,4,2.666667
1,31,16,0.9111111,0,0,75,2,6,2,4,2.666667
1,31,17,0.9111111,0,0,75,2,6,2,4,2.666667
1,31,18,0.9111111,0,0,75,2,6,2,4,2.666667
1,31,19,0.9111111,0,0,75,2,6,2,4,2.666667
1,32,1,0.02222222,1,1,75,2,6,2,4,2.666667
1,32,2,0.06666667,1,4,75,2,6,2,4,2.666667
1,32,3,0.1333333,3,8,75,2,6,2,4,2.666667
1,32,4,0.2222222,6,14,75,2,6,2,4,2.666667
1,32,5,0.4666667,9,10,75,2,6,2,4,2.666667
1,32,6,0.6222222,5,5,75,2,6,2,4,2.666667
1,32,7,0.8,1,1,75,2,6,2,4,2.666667
1,32,8,0.8888889,1,0,75,2,6,2,4,2.666667
1,32,9,0.8888889,1,0,75,2,6,2,4,2.666667
1,32,10,0.8888889,1,0,75,2,6,2,4,2.666667
1,32,11,0.9111111,0,0,75,2,6,2,4,2.666667
1,32,12,0.9111111,0,0,75,2,6,2,4,2.666667
1,32,13,0.9111111,0,0,75,2,6,2,4,2.666667
1,32,14,0.9111111,0,0,75,2,6,2,4,2.666667
1,32,15,0.9111111,0,0,75,2,6,2,4,2.666667
1,32,16,0.9111111,0,0,75,2,6,2,4,2.666667
1,32,17,0.9111111,0,0,75,2,6,2,4,2.666667
1,32,18,0.9111111,0,0,75,2,6,2,4,2.666667
1,32,19,0.9111111,0,0,75,2,6,2,4,2.666667
1,33,1,0.02222222,1,2,75,2,6,2,4,2.666667
1,33,2,0.04444445,2,3,75,2,6,2,4,2.666667
1,33,3,0.08888889,2,7,75,2,6,2,4,2.666667
1,33,4,0.2,6,13,75,2,6,2,4,2.666667
1,33,5,0.2888889,9,14,75,2,6,2,4,2.666667
1,33,6,0.4888889,10,9,75,2,6,2,4,2.666667
1,33,7,0.6444445,6,7,75,2,6,2,4,2.666667
1,33,8,0.7111111,6,2,75,2,6,2,4,2.666667
1,33,9,0.8,1,2,75,2,6,2,4,2.666667
1,33,10,0.8,1,2,75,2,6,2,4,2.666667
1,33,11,0.8222222,1,2,75,2,6,2,4,2.666667
1,33,12,0.8222222,1,2,75,2,6,2,4,2.666667
1,33,13,0.8444445,1,1,75,2,6,2,4,2.666667
1,33,14,0.8666667,0,1,75,2,6,2,4,2.666667
1,33,15,0.8666667,0,1,75,2,6,2,4,2.666667
1,33,16,0.8666667,0,1,75,2,6,2,4,2.666667
1,33,17,0.8888889,1,0,75,2,6,2,4,2.666667
1,33,18,0.8888889,1,0,75,2,6,2,4,2.666667
1,33,19,0.9111111,0,0,75,2,6,2,4,2.666667
1,34,1,0.02222222,1,4,75,4,6,2,4,2.666667
1,34,2,0.08888889,3,6,75,4,6,2,4,2.666667
1,34,3,0.1333333,4,8,75,4,6,2,4,2.666667
1,34,4,0.2,6,8,75,4,6,2,4,2.666667
1,34,5,0.2666667,5,10,75,4,6,2,4,2.666667
1,34,6,0.3777778,7,11,75,4,6,2,4,2.666667
1,34,7,0.5555556,7,6,75,4,6,2,4,2.666667
1,34,8,0.6888889,6,5,75,4,6,2,4,2.666667
1,34,9,0.8,2,1,75,4,6,2,4,2.666667
1,34,10,0.8444445,3,0,75,4,6,2,4,2.666667
1,34,11,0.8666667,1,0,75,4,6,2,4,2.666667
1,34,12,0.8888889,1,0,75,4,6,2,4,2.666667
1,34,13,0.9111111,0,0,75,4,6,2,4,2.666667
1,34,14,0.9111111,0,0,75,4,6,2,4,2.666667
1,34,15,0.9111111,0,0,75,4,6,2,4,2.666667
1,34,16,0.9111111,0,0,75,4,6,2,4,2.666667
1,34,17,0.9111111,0,0,75,4,6,2,4,2.666667
1,34,18,0.9111111,0,0,75,4,6,2,4,2.666667
1,34,19,0.9111111,0,0,75,4,6,2,4,2.666667
1,35,1,0.02222222,1,2,75,2,6,2,4,2.666667
1,35,2,0.04444445,2,5,75,2,6,2,4,2.666667
1,35,3,0.08888889,4,8,75,2,6,2,4,2.666667
1,35,4,0.2444444,7,11,75,2,6,2,4,2.666667
1,35,5,0.4444444,9,13,75,2,6,2,4,2.666667
1,35,6,0.6,6,4,75,2,6,2,4,2.666667
1,35,7,0.7111111,5,2,75,2,6,2,4,2.666667
1,35,8,0.7777778,1,2,75,2,6,2,4,2.666667
1,35,9,0.8222222,1,1,75,2,6,2,4,2.666667
1,35,10,0.8444445,1,1,75,2,6,2,4,2.666667
1,35,11,0.8444445,1,1,75,2,6,2,4,2.666667
1,35,12,0.8444445,1,1,75,2,6,2,4,2.666667
1,35,13,0.8444445,1,1,75,2,6,2,4,2.666667
1,35,14,0.8666667,1,1,75,2,6,2,4,2.666667
1,35,15,0.8666667,1,1,75,2,6,2,4,2.666667
1,35,16,0.8888889,1,0,75,2,6,2,4,2.666667
1,35,17,0.9111111,0,0,75,2,6,2,4,2.666667
1,35,18,0.9111111,0,0,75,2,6,2,4,2.666667
1,35,19,0.9111111,0,0,75,2,6,2,4,2.666667
1,36,1,0.02222222,1,2,75,2,6,2,4,2.666667
1,36,2,0.02222222,1,2,75,2,6,2,4,2.666667
1,36,3,0.02222222,1,2,75,2,6,2,4,2.666667
1,36,4,0.04444445,2,2,75,2,6,2,4,2.666667
1,36,5,0.06666667,2,6,75,2,6,2,4,2.666667
1,36,6,0.1111111,4,8,75,2,6,2,4,2.666667
1,36,7,0.2888889,6,13,75,2,6,2,4,2.666667
1,36,8,0.4222222,7,13,75,2,6,2,4,2.666667
1,36,9,0.6888889,4,2,75,2,6,2,4,2.666667
1,36,10,0.7555556,2,1,75,2,6,2,4,2.666667
1,36,11,0.8444445,1,1,75,2,6,2,4,2.666667
1,36,12,0.8666667,1,1,75,2,6,2,4,2.666667
1,36,13,0.8666667,1,1,75,2,6,2,4,2.666667
1,36,14,0.8666667,1,1,75,2,6,2,4,2.666667
1,36,15,0.8888889,1,0,75,2,6,2,4,2.666667
1,36,16,0.8888889,1,0,75,2,6,2,4,2.666667
1,36,17,0.9111111,0,0,75,2,6,2,4,2.666667
1,36,18,0.9111111,0,0,75,2,6,2,4,2.666667
1,36,19,0.9111111,0,0,75,2,6,2,4,2.666667
1,37,1,0.02222222,1,1,75,1,6,2,4,2.666667
1,37,2,0.02222222,1,1,75,1,6,2,4,2.666667
1,37,3,0.02222222,1,1,75,1,6,2,4,2.666667
1,37,4,0.02222222,1,1,75,1,6,2,4,2.666667
1,37,5,0.02222222,1,1,75,1,6,2,4,2.666667
1,37,6,0.02222222,1,1,75,1,6,2,4,2.666667
1,37,7,0.04444445,1,3,75,1,6,2,4,2.666667
1,37,8,0.04444445,1,3,75,1,6,2,4,2.666667
1,37,9,0.06666667,2,5,75,1,6,2,4,2.666667
1,37,10,0.1333333,3,11,75,1,6,2,4,2.666667
1,37,11,0.2,6,14,75,1,6,2,4,2.666667
1,37,12,0.4,11,12,75,1,6,2,4,2.666667
1,37,13,0.6444445,6,6,75,1,6,2,4,2.666667
1,37,14,0.7555556,3,4,75,1,6,2,4,2.666667
1,37,15,0.8222222,1,2,75,1,6,2,4,2.666667
1,37,16,0.8222222,1,2,75,1,6,2,4,2.666667
1,37,17,0.8444445,2,1,75,1,6,2,4,2.666667
1,37,18,0.8666667,1,1,75,1,6,2,4,2.666667
1,37,19,0.8888889,1,0,75,1,6,2,4,2.666667
1,38,1,0.02222222,1,4,75,5,6,2,4,2.666667
1,38,2,0.04444445,2,6,75,5,6,2,4,2.666667
1,38,3,0.1555556,5,13,75,5,6,2,4,2.666667
1,38,4,0.3777778,6,11,75,5,6,2,4,2.666667
1,38,5,0.4888889,7,8,75,5,6,2,4,2.666667
1,38,6,0.6222222,4,6,75,5,6,2,4,2.666667
1,38,7,0.7111111,4,2,75,5,6,2,4,2.666667
1,38,8,0.8,2,1,75,5,6,2,4,2.666667
1,38,9,0.8222222,1,1,75,5,6,2,4,2.666667
1,38,10,0.8444445,1,1,75,5,6,2,4,2.666667
1,38,11,0.8666667,1,1,75,5,6,2,4,2.666667
1,38,12,0.8888889,1,0,75,5,6,2,4,2.666667
1,38,13,0.9111111,0,0,75,5,6,2,4,2.666667
1,38,14,0.9111111,0,0,75,5,6,2,4,2.666667
1,38,15,0.9111111,0,0,75,5,6,2,4,2.666667
1,38,16,0.9111111,0,0,75,5,6,2,4,2.666667
1,38,17,0.9111111,0,0,75,5,6,2,4,2.666667
1,38,18,0.9111111,0,0,75,5,6,2,4,2.666667
1,38,19,0.9111111,0,0,75,5,6,2,4,2.666667
1,39,1,0.02222222,1,4,75,4,6,2,4,2.666667
1,39,2,0.08888889,3,9,75,4,6,2,4,2.666667
1,39,3,0.1777778,6,11,75,4,6,2,4,2.666667
1,39,4,0.2444444,7,15,75,4,6,2,4,2.666667
1,39,5,0.4444444,9,9,75,4,6,2,4,2.666667
1,39,6,0.6444445,6,5,75,4,6,2,4,2.666667
1,39,7,0.7555556,3,1,75,4,6,2,4,2.666667
1,39,8,0.8444445,1,1,75,4,6,2,4,2.666667
1,39,9,0.8444445,1,1,75,4,6,2,4,2.666667
1,39,10,0.8444445,1,1,75,4,6,2,4,2.666667
1,39,11,0.8888889,1,0,75,4,6,2,4,2.666667
1,39,12,0.9111111,0,0,75,4,6,2,4,2.666667
1,39,13,0.9111111,0,0,75,4,6,2,4,2.666667
1,39,14,0.9111111,0,0,75,4,6,2,4,2.666667
1,39,15,0.9111111,0,0,75,4,6,2,4,2.666667
1,39,16,0.9111111,0,0,75,4,6,2,4,2.666667
1,39,17,0.9111111,0,0,75,4,6,2,4,2.666667
1,39,18,0.9111111,0,0,75,4,6,2,4,2.666667
1,39,19,0.9111111,0,0,75,4,6,2,4,2.666667
1,40,1,0.02222222,1,1,75,1,6,2,4,2.666667
1,40,2,0.04444445,1,4,75,1,6,2,4,2.666667
1,40,3,0.06666667,2,4,75,1,6,2,4,2.666667
1,40,4,0.06666667,2,4,75,1,6,2,4,2.666667
1,40,5,0.1111111,3,7,75,1,6,2,4,2.666667
1,40,6,0.1777778,5,9,75,1,6,2,4,2.666667
1,40,7,0.3111111,7,11,75,1,6,2,4,2.666667
1,40,8,0.4666667,6,11,75,1,6,2,4,2.666667
1,40,9,0.6444445,8,3,75,1,6,2,4,2.666667
1,40,10,0.7777778,4,1,75,1,6,2,4,2.666667
1,40,11,0.8,3,1,75,1,6,2,4,2.666667
1,40,12,0.8444445,1,1,75,1,6,2,4,2.666667
1,40,13,0.8666667,1,1,75,1,6,2,4,2.666667
1,40,14,0.8888889,1,0,75,1,6,2,4,2.666667
1,40,15,0.8888889,1,0,75,1,6,2,4,2.666667
1,40,16,0.8888889,1,0,75,1,6,2,4,2.666667
1,40,17,0.9111111,0,0,75,1,6,2,4,2.666667
1,40,18,0.9111111,0,0,75,1,6,2,4,2.666667
1,40,19,0.9111111,0,0,75,1,6,2,4,2.666667
1,41,1,0.02222222,1,2,75,2,6,2,4,2.666667
1,41,2,0.02222222,1,2,75,2,6,2,4,2.666667
1,41,3,0.04444445,2,2,75,2,6,2,4,2.666667
1,41,4,0.06666667,2,4,75,2,6,2,4,2.666667
1,41,5,0.08888889,3,4,75,2,6,2,4,2.666667
1,41,6,0.1555556,3,10,75,2,6,2,4,2.666667
1,41,7,0.2444444,6,10,75,2,6,2,4,2.666667
1,41,8,0.3555556,6,13,75,2,6,2,4,2.666667
1,41,9,0.5555556,8,9,75,2,6,2,4,2.666667
1,41,10,0.7333333,8,0,75,2,6,2,4,2.666667
1,41,11,0.8,3,0,75,2,6,2,4,2.666667
1,41,12,0.8666667,0,0,75,2,6,2,4,2.666667
1,41,13,0.9111111,0,0,75,2,6,2,4,2.666667
1,41,14,0.9111111,0,0,75,2,6,2,4,2.666667
1,41,15,0.9111111,0,0,75,2,6,2,4,2.666667
1,41,16,0.9111111,0,0,75,2,6,2,4,2.666667
1,41,17,0.9111111,0,0,75,2,6,2,4,2.666667
1,41,18,0.9111111,0,0,75,2,6,2,4,2.666667
1,41,19,0.9111111,0,0,75,2,6,2,4,2.666667
1,42,1,0.02222222,1,1,75,1,6,2,4,2.666667
1,42,2,0.02222222,1,1,75,1,6,2,4,2.666667
1,42,3,0.02222222,1,1,75,1,6,2,4,2.666667
1,42,4,0.04444445,1,4,75,1,6,2,4,2.666667
1,42,5,0.04444445,1,4,75,1,6,2,4,2.666667
1,42,6,0.1111111,2,6,75,1,6,2,4,2.666667
1,42,7,0.1333333,3,7,75,1,6,2,4,2.666667
1,42,8,0.1555556,4,7,75,1,6,2,4,2.666667
1,42,9,0.2888889,5,9,75,1,6,2,4,2.666667
1,42,10,0.4666667,6,7,75,1,6,2,4,2.666667
1,42,11,0.6222222,7,6,75,1,6,2,4,2.666667
1,42,12,0.7333333,4,1,75,1,6,2,4,2.666667
1,42,13,0.8,2,1,75,1,6,2,4,2.666667
1,42,14,0.8444445,2,1,75,1,6,2,4,2.666667
1,42,15,0.8444445,2,1,75,1,6,2,4,2.666667
1,42,16,0.8666667,2,0,75,1,6,2,4,2.666667
1,42,17,0.8666667,2,0,75,1,6,2,4,2.666667
1,42,18,0.8666667,2,0,75,1,6,2,4,2.666667
1,42,19,0.8888889,1,0,75,1,6,2,4,2.666667
1,43,1,0.02222222,1,1,75,1,6,2,4,2.666667
1,43,2,0.04444445,1,3,75,1,6,2,4,2.666667
1,43,3,0.06666667,2,5,75,1,6,2,4,2.666667
1,43,4,0.1111111,3,7,75,1,6,2,4,2.666667
1,43,5,0.2444444,6,9,75,1,6,2,4,2.666667
1,43,6,0.3777778,8,11,75,1,6,2,4,2.666667
1,43,7,0.5555556,7,7,75,1,6,2,4,2.666667
1,43,8,0.7111111,2,3,75,1,6,2,4,2.666667
1,43,9,0.8,3,1,75,1,6,2,4,2.666667
1,43,10,0.8888889,1,0,75,1,6,2,4,2.666667
1,43,11,0.8888889,1,0,75,1,6,2,4,2.666667
1,43,12,0.9111111,0,0,75,1,6,2,4,2.666667
1,43,13,0.9111111,0,0,75,1,6,2,4,2.666667
1,43,14,0.9111111,0,0,75,1,6,2,4,2.666667
1,43,15,0.9111111,0,0,75,1,6,2,4,2.666667
1,43,16,0.9111111,0,0,75,1,6,2,4,2.666667
1,43,17,0.9111111,0,0,75,1,6,2,4,2.666667
1,43,18,0.9111111,0,0,75,1,6,2,4,2.666667
1,43,19,0.9111111,0,0,75,1,6,2,4,2.666667
1,44,1,0.02222222,1,2,75,2,6,2,4,2.666667
1,44,2,0.06666667,2,7,75,2,6,2,4,2.666667
1,44,3,0.1333333,5,10,75,2,6,2,4,2.666667
1,44,4,0.2444444,7,13,75,2,6,2,4,2.666667
1,44,5,0.3333333,8,13,75,2,6,2,4,2.666667
1,44,6,0.4888889,11,12,75,2,6,2,4,2.666667
1,44,7,0.6444445,8,6,75,2,6,2,4,2.666667
1,44,8,0.8,1,2,75,2,6,2,4,2.666667
1,44,9,0.8666667,2,0,75,2,6,2,4,2.666667
1,44,10,0.9111111,0,0,75,2,6,2,4,2.666667
1,44,11,0.9111111,0,0,75,2,6,2,4,2.666667
1,44,12,0.9111111,0,0,75,2,6,2,4,2.666667
1,44,13,0.9111111,0,0,75,2,6,2,4,2.666667
1,44,14,0.9111111,0,0,75,2,6,2,4,2.666667
1,44,15,0.9111111,0,0,75,2,6,2,4,2.666667
1,44,16,0.9111111,0,0,75,2,6,2,4,2.666667
1,44,17,0.9111111,0,0,75,2,6,2,4,2.666667
1,44,18,0.9111111,0,0,75,2,6,2,4,2.666667
1,44,19,0.9111111,0,0,75,2,6,2,4,2.666667
1,45,1,0.02222222,1,2,75,2,6,2,4,2.666667
1,45,2,0.04444445,2,4,75,2,6,2,4,2.666667
1,45,3,0.1111111,3,7,75,2,6,2,4,2.666667
1,45,4,0.2,5,9,75,2,6,2,4,2.666667
1,45,5,0.3333333,7,11,75,2,6,2,4,2.666667
1,45,6,0.4,8,9,75,2,6,2,4,2.666667
1,45,7,0.5777778,5,8,75,2,6,2,4,2.666667
1,45,8,0.7111111,5,1,75,2,6,2,4,2.666667
1,45,9,0.7777778,3,1,75,2,6,2,4,2.666667
1,45,10,0.7777778,3,1,75,2,6,2,4,2.666667
1,45,11,0.8222222,2,1,75,2,6,2,4,2.666667
1,45,12,0.8666667,1,1,75,2,6,2,4,2.666667
1,45,13,0.8666667,1,1,75,2,6,2,4,2.666667
1,45,14,0.8888889,1,0,75,2,6,2,4,2.666667
1,45,15,0.9111111,0,0,75,2,6,2,4,2.666667
1,45,16,0.9111111,0,0,75,2,6,2,4,2.666667
1,45,17,0.9111111,0,0,75,2,6,2,4,2.666667
1,45,18,0.9111111,0,0,75,2,6,2,4,2.666667
1,45,19,0.9111111,0,0,75,2,6,2,4,2.666667
1,46,1,0.02222222,0,0,75,0,6,2,4,2.666667
1,46,2,0.02222222,0,0,75,0,6,2,4,2.666667
1,46,3,0.02222222,0,0,75,0,6,2,4,2.666667
1,46,4,0.02222222,0,0,75,0,6,2,4,2.666667
1,46,5,0.02222222,0,0,75,0,6,2,4,2.666667
1,46,6,0.02222222,0,0,75,0,6,2,4,2.666667
1,46,7,0.02222222,0,0,75,0,6,2,4,2.666667
1,46,8,0.02222222,0,0,75,0,6,2,4,2.666667
1,46,9,0.02222222,0,0,75,0,6,2,4,2.666667
1,46,10,0.02222222,0,0,75,0,6,2,4,2.666667
1,46,11,0.02222222,0,0,75,0,6,2,4,2.666667
1,46,12,0.02222222,0,0,75,0,6,2,4,2.666667
1,46,13,0.02222222,0,0,75,0,6,2,4,2.666667
1,46,14,0.02222222,0,0,75,0,6,2,4,2.666667
1,46,15,0.02222222,0,0,75,0,6,2,4,2.666667
1,46,16,0.02222222,0,0,75,0,6,2,4,2.666667
1,46,17,0.02222222,0,0,75,0,6,2,4,2.666667
1,46,18,0.02222222,0,0,75,0,6,2,4,2.666667
1,46,19,0.02222222,0,0,75,0,6,2,4,2.666667
1,47,1,0.02222222,1,1,75,1,6,2,4,2.666667
1,47,2,0.02222222,1,1,75,1,6,2,4,2.666667
1,47,3,0.02222222,1,1,75,1,6,2,4,2.666667
1,47,4,0.04444445,1,3,75,1,6,2,4,2.666667
1,47,5,0.06666667,2,3,75,1,6,2,4,2.666667
1,47,6,0.08888889,2,4,75,1,6,2,4,2.666667
1,47,7,0.1555556,3,8,75,1,6,2,4,2.666667
1,47,8,0.2444444,6,12,75,1,6,2,4,2.666667
1,47,9,0.3333333,10,10,75,1,6,2,4,2.666667
1,47,10,0.4666667,10,10,75,1,6,2,4,2.666667
1,47,11,0.6666667,6,5,75,1,6,2,4,2.666667
1,47,12,0.7333333,6,2,75,1,6,2,4,2.666667
1,47,13,0.8,1,2,75,1,6,2,4,2.666667
1,47,14,0.8222222,1,2,75,1,6,2,4,2.666667
1,47,15,0.8222222,1,2,75,1,6,2,4,2.666667
1,47,16,0.8444445,1,1,75,1,6,2,4,2.666667
1,47,17,0.8666667,0,1,75,1,6,2,4,2.666667
1,47,18,0.8888889,1,0,75,1,6,2,4,2.666667
1,47,19,0.8888889,1,0,75,1,6,2,4,2.666667
1,48,1,0.02222222,1,2,75,2,6,2,4,2.666667
1,48,2,0.06666667,2,3,75,2,6,2,4,2.666667
1,48,3,0.1333333,3,10,75,2,6,2,4,2.666667
1,48,4,0.2888889,7,13,75,2,6,2,4,2.666667
1,48,5,0.4666667,7,10,75,2,6,2,4,2.666667
1,48,6,0.6444445,6,6,75,2,6,2,4,2.666667
1,48,7,0.7777778,4,1,75,2,6,2,4,2.666667
1,48,8,0.8444445,1,1,75,2,6,2,4,2.666667
1,48,9,0.8666667,1,0,75,2,6,2,4,2.666667
1,48,10,0.8888889,1,0,75,2,6,2,4,2.666667
1,48,11,0.9111111,0,0,75,2,6,2,4,2.666667
1,48,12,0.9111111,0,0,75,2,6,2,4,2.666667
1,48,13,0.9111111,0,0,75,2,6,2,4,2.666667
1,48,14,0.9111111,0,0,75,2,6,2,4,2.666667
1,48,15,0.9111111,0,0,75,2,6,2,4,2.666667
1,48,16,0.9111111,0,0,75,2,6,2,4,2.666667
1,48,17,0.9111111,0,0,75,2,6,2,4,2.666667
1,48,18,0.9111111,0,0,75,2,6,2,4,2.666667
1,48,19,0.9111111,0,0,75,2,6,2,4,2.666667
1,49,1,0.02222222,1,1,75,1,6,2,4,2.666667
1,49,2,0.04444445,1,4,75,1,6,2,4,2.666667
1,49,3,0.08888889,3,9,75,1,6,2,4,2.666667
1,49,4,0.2,5,8,75,1,6,2,4,2.666667
1,49,5,0.2666667,6,11,75,1,6,2,4,2.666667
1,49,6,0.4,5,11,75,1,6,2,4,2.666667
1,49,7,0.4888889,7,9,75,1,6,2,4,2.666667
1,49,8,0.6666667,6,4,75,1,6,2,4,2.666667
1,49,9,0.7333333,3,2,75,1,6,2,4,2.666667
1,49,10,0.8,2,1,75,1,6,2,4,2.666667
1,49,11,0.8444445,2,1,75,1,6,2,4,2.666667
1,49,12,0.8666667,1,1,75,1,6,2,4,2.666667
1,49,13,0.8888889,1,0,75,1,6,2,4,2.666667
1,49,14,0.9111111,0,0,75,1,6,2,4,2.666667
1,49,15,0.9111111,0,0,75,1,6,2,4,2.666667
1,49,16,0.9111111,0,0,75,1,6,2,4,2.666667
1,49,17,0.9111111,0,0,75,1,6,2,4,2.666667
1,49,18,0.9111111,0,0,75,1,6,2,4,2.666667
1,49,19,0.9111111,0,0,75,1,6,2,4,2.666667
